#aqueous Center_center

Cent_Cent
N 1000 R 0.5 25

    1     0.500000    39.87188185    30.73551678
    2     0.524525    39.11810791    30.44442888
    3     0.549049    38.37861156    29.86459358
    4     0.573574    37.65327800    29.28943930
    5     0.598098    36.94199242    28.71896604
    6     0.622623    36.24464002    28.15317378
    7     0.647147    35.56110601    27.59206255
    8     0.671672    34.89127559    27.03563233
    9     0.696196    34.23503396    26.48388312
   10     0.720721    33.59226631    25.93681493
   11     0.745245    32.96285785    25.39442775
   12     0.769770    32.34669378    24.85672159
   13     0.794294    31.74365929    24.32369644
   14     0.818819    31.15363960    23.79535231
   15     0.843343    30.57651989    23.27168919
   16     0.867868    30.01218537    22.75270709
   17     0.892392    29.46052125    22.23840600
   18     0.916917    28.92141271    21.73761387
   19     0.941441    28.39431196    21.24076339
   20     0.965966    27.87957346    20.73867272
   21     0.990490    27.37709978    20.24063963
   22     1.015015    26.88678934    19.74685066
   23     1.039540    26.40853554    19.25752936
   24     1.064064    25.94222583    18.77293939
   25     1.088589    25.48774071    18.29338767
   26     1.113113    25.04495256    17.81922771
   27     1.137638    24.61372454    17.35086295
   28     1.162162    24.19390924    16.88875029
   29     1.186687    23.78534739    16.43340369
   30     1.211211    23.38786641    15.97742542
   31     1.235736    23.00166987    15.51772004
   32     1.260260    22.62673700    15.05951120
   33     1.284785    22.26301517    14.60344937
   34     1.309309    21.91045170    14.14954589
   35     1.333834    21.56899340    13.69783216
   36     1.358358    21.23858606    13.24836047
   37     1.382883    20.91917392    12.80038833
   38     1.407407    20.61073918    12.35303454
   39     1.431932    20.31326932    11.90768520
   40     1.456456    20.02667855    11.46591469
   41     1.480981    19.75087711    11.02789715
   42     1.505506    19.48577068    10.59383101
   43     1.530030    19.23125977    10.16393906
   44     1.554555    18.98723913     9.73846857
   45     1.579079    18.75359715     9.31769110
   46     1.603604    18.53021524     8.90190224
   47     1.628128    18.31696731     8.49142122
   48     1.652653    18.11371911     8.08659030
   49     1.677177    17.92032774     7.68771399
   50     1.701702    17.73664405     7.29510149
   51     1.726226    17.56250995     6.90917587
   52     1.750751    17.39775554     6.53039060
   53     1.775275    17.24220050     6.15917734
   54     1.799800    17.09565375     5.79598266
   55     1.824324    16.95791307     5.44101928
   56     1.848849    16.82877693     5.09472932
   57     1.873373    16.70802144     4.75791416
   58     1.897898    16.59540576     4.43116324
   59     1.922422    16.49067709     4.11496612
   60     1.946947    16.39357059     3.80981278
   61     1.971471    16.30380940     3.51619055
   62     1.995996    16.22110479     3.23458086
   63     2.020521    16.14515628     2.96545589
   64     2.045045    16.07565199     2.70927496
   65     2.069570    16.01226892     2.46648090
   66     2.094094    15.95467345     2.23749621
   67     2.118619    15.90252186     2.02271920
   68     2.143143    15.85546100     1.82251994
   69     2.167668    15.81312899     1.63723626
   70     2.192192    15.77515612     1.46716958
   71     2.216717    15.74116572     1.31258081
   72     2.241241    15.71077528     1.17477326
   73     2.265766    15.68354421     1.05584177
   74     2.290290    15.65898724     0.95577992
   75     2.314815    15.63666411     0.87380039
   76     2.339339    15.61612816     0.81014105
   77     2.363864    15.59692746     0.76499227
   78     2.388388    15.57860602     0.73849419
   79     2.412913    15.56070503     0.73073405
   80     2.437437    15.54276421     0.74235982
   81     2.461962    15.52429298     0.77324134
   82     2.486486    15.50483746     0.82252881
   83     2.511011    15.48394873     0.89003068
   84     2.535536    15.46118230     0.97553582
   85     2.560060    15.43609962     1.07876944
   86     2.584585    15.40826968     1.19939226
   87     2.609109    15.37727057     1.33700007
   88     2.633634    15.34269110     1.49112357
   89     2.658158    15.30413238     1.66122860
   90     2.682683    15.26120942     1.84704533
   91     2.707207    15.21353656     2.04813880
   92     2.731732    15.16075016     2.26362428
   93     2.756256    15.10250794     2.49267828
   94     2.780781    15.03848666     2.73449911
   95     2.805305    14.96838336     2.98823189
   96     2.829830    14.89191673     3.25297139
   97     2.854354    14.80882821     3.52776518
   98     2.878879    14.71888320     3.81161714
   99     2.903403    14.62187201     4.10349131
  100     2.927928    14.51761085     4.40231593
  101     2.952452    14.40594260     4.70698788
  102     2.976977    14.28673757     5.01637726
  103     3.001502    14.15989407     5.32933228
  104     3.026026    14.02533889     5.64468427
  105     3.050551    13.88302767     5.96125292
  106     3.075075    13.73294511     6.27785167
  107     3.099600    13.57510502     6.59329315
  108     3.124124    13.40955035     6.90639479
  109     3.148649    13.23635292     7.21598437
  110     3.173173    13.05561318     7.52090570
  111     3.197698    12.86745965     7.82002421
  112     3.222222    12.67204842     8.11223250
  113     3.246747    12.46956236     8.39645585
  114     3.271271    12.26021025     8.67165757
  115     3.295796    12.04422580     8.93602400
  116     3.320320    11.82190677     9.18827709
  117     3.344845    11.59354955     9.42800732
  118     3.369369    11.35947198     9.65433593
  119     3.393894    11.12001355     9.86640837
  120     3.418418    10.87553403    10.06343037
  121     3.442943    10.62641186    10.24467134
  122     3.467467    10.37304264    10.40939256
  123     3.491992    10.11584106    10.55692996
  124     3.516517     9.85523527    10.68687297
  125     3.541041     9.59166010    10.79888011
  126     3.565566     9.32556047    10.89257899
  127     3.590090     9.05738946    10.96767387
  128     3.614615     8.78760649    11.02394645
  129     3.639139     8.51667537    11.06125622
  130     3.663664     8.24506239    11.07954037
  131     3.688188     7.97323445    11.07881338
  132     3.712713     7.70165713    11.05916616
  133     3.737237     7.43079287    11.02076475
  134     3.761762     7.16109910    10.96384874
  135     3.786286     6.89302651    10.88872924
  136     3.810811     6.62701729    10.79577671
  137     3.835335     6.36350393    10.68539984
  138     3.859860     6.10290859    10.55813002
  139     3.884384     5.84563769    10.41458718
  140     3.908909     5.59208299    10.25539848
  141     3.933433     5.34262015    10.08124386
  142     3.957958     5.09760756     9.89285201
  143     3.982482     4.85738517     9.69099610
  144     4.007007     4.62227342     9.47648942
  145     4.031532     4.39257237     9.25018081
  146     4.056056     4.16856085     9.01295002
  147     4.080581     3.95049575     8.76570297
  148     4.105105     3.73861145     8.50936701
  149     4.129630     3.53311939     8.24488603
  150     4.154154     3.33420763     7.97321574
  151     4.178679     3.14204074     7.69531883
  152     4.203203     2.95675956     7.41216029
  153     4.227728     2.77848132     7.12470276
  154     4.252252     2.60729967     6.83390201
  155     4.276777     2.44328493     6.54070254
  156     4.301301     2.28648443     6.24603331
  157     4.325826     2.13692293     5.95090351
  158     4.350350     1.99459827     5.65634946
  159     4.374875     1.85948437     5.36320956
  160     4.399399     1.73153794     5.07225053
  161     4.423924     1.61069531     4.78428646
  162     4.448448     1.49687324     4.50009609
  163     4.472973     1.38996987     4.22042015
  164     4.497497     1.28986565     3.94595897
  165     4.522022     1.19642434     3.67806930
  166     4.546547     1.10945985     3.41788616
  167     4.571071     1.02878027     3.16473539
  168     4.595596     0.95423258     2.91814197
  169     4.620120     0.88564818     2.67871110
  170     4.644645     0.82284435     2.44698950
  171     4.669169     0.76562568     2.22347855
  172     4.693694     0.71378484     2.00866684
  173     4.718218     0.66710248     1.80293820
  174     4.742743     0.62535244     1.60657773
  175     4.767267     0.58830137     1.41985257
  176     4.791792     0.55571002     1.24297614
  177     4.816316     0.52733457     1.07609264
  178     4.840841     0.50292870     0.91929277
  179     4.865365     0.48224413     0.77266467
  180     4.889890     0.46503023     0.63625278
  181     4.914414     0.45103654     0.51002776
  182     4.938939     0.44001386     0.39391792
  183     4.963463     0.43171524     0.28781153
  184     4.987988     0.42589697     0.19155930
  185     5.012513     0.42231944     0.10497691
  186     5.037037     0.42074796     0.02804923
  187     5.061562     0.42094365    -0.03358453
  188     5.086086     0.42239525    -0.08281636
  189     5.110611     0.42500571    -0.12793988
  190     5.135135     0.42867057    -0.16868323
  191     5.159660     0.43327947    -0.20483676
  192     5.184184     0.43871762    -0.23624774
  193     5.208709     0.44486719    -0.26281533
  194     5.233233     0.45160846    -0.28448568
  195     5.257758     0.45882095    -0.30124712
  196     5.282282     0.46638435    -0.31312560
  197     5.306807     0.47417946    -0.32018024
  198     5.331331     0.48208889    -0.32249913
  199     5.355856     0.48999773    -0.32019527
  200     5.380380     0.49779416    -0.31433324
  201     5.404905     0.50541548    -0.30629449
  202     5.429429     0.51281761    -0.29568936
  203     5.453954     0.51991876    -0.28184040
  204     5.478478     0.52664162    -0.26493373
  205     5.503003     0.53291351    -0.24516112
  206     5.527528     0.53866654    -0.22266372
  207     5.552052     0.54383495    -0.19765437
  208     5.576577     0.54836130    -0.17042589
  209     5.601101     0.55219418    -0.14116736
  210     5.625626     0.55528542    -0.10999947
  211     5.650150     0.55758955    -0.07709408
  212     5.674675     0.55906681    -0.04263531
  213     5.699199     0.55968077    -0.00675028
  214     5.723724     0.55939791     0.03041109
  215     5.748248     0.55818914     0.06869483
  216     5.772773     0.55602849     0.10798036
  217     5.797297     0.55289280     0.14815919
  218     5.821822     0.54876142     0.18913531
  219     5.846346     0.54361590     0.23082553
  220     5.870871     0.53743965     0.27315957
  221     5.895395     0.53021768     0.31581163
  222     5.919920     0.52194939     0.35074617
  223     5.944444     0.51301391     0.37670478
  224     5.968969     0.50347238     0.40017600
  225     5.993493     0.49338566     0.42117619
  226     6.018018     0.48281409     0.43973283
  227     6.042543     0.47181718     0.45588393
  228     6.067067     0.46045341     0.46967731
  229     6.091592     0.44877996     0.48013725
  230     6.116116     0.43690314     0.48694757
  231     6.140641     0.42489564     0.49187923
  232     6.165165     0.41277693     0.49597197
  233     6.189690     0.40056869     0.49914434
  234     6.214214     0.38829438     0.50133270
  235     6.238739     0.37597880     0.50248978
  236     6.263263     0.36364773     0.50258318
  237     6.287788     0.35132757     0.50159397
  238     6.312312     0.33904502     0.49951535
  239     6.336837     0.32682682     0.49635129
  240     6.361361     0.31469946     0.49211527
  241     6.385886     0.30268903     0.48675751
  242     6.410410     0.29082447     0.48028857
  243     6.434935     0.27913133     0.47283389
  244     6.459459     0.26763242     0.46445395
  245     6.483984     0.25635031     0.45513563
  246     6.508509     0.24530845     0.44490575
  247     6.533033     0.23452810     0.43357022
  248     6.557558     0.22404224     0.42126257
  249     6.582082     0.21386558     0.40841580
  250     6.606607     0.20400983     0.39514209
  251     6.631131     0.19448423     0.38145454
  252     6.655656     0.18529985     0.36732830
  253     6.680180     0.17646713     0.35278952
  254     6.704705     0.16799586     0.33786410
  255     6.729229     0.15989522     0.32257723
  256     6.753754     0.15217375     0.30695290
  257     6.778278     0.14483947     0.29101361
  258     6.802803     0.13789981     0.27477997
  259     6.827327     0.13136177     0.25825537
  260     6.851852     0.12523263     0.24145717
  261     6.876376     0.11951853     0.22441809
  262     6.900901     0.11422514     0.20715196
  263     6.925425     0.10935792     0.18966713
  264     6.949950     0.10492215     0.17334427
  265     6.974474     0.10085555     0.15948592
  266     6.998999     0.09709951     0.14715669
  267     7.023524     0.09363765     0.13549036
  268     7.048048     0.09045384     0.12447484
  269     7.072573     0.08753228     0.11409568
  270     7.097097     0.08485756     0.10433628
  271     7.121622     0.08241469     0.09522932
  272     7.146146     0.08018665     0.08728188
  273     7.170671     0.07813359     0.08018740
  274     7.195195     0.07625353     0.07319133
  275     7.219720     0.07454363     0.06632614
  276     7.244244     0.07300030     0.05961908
  277     7.268769     0.07161937     0.05309261
  278     7.293293     0.07039616     0.04676487
  279     7.317818     0.06932560     0.04065010
  280     7.342342     0.06840231     0.03475905
  281     7.366867     0.06762070     0.02909940
  282     7.391391     0.06697501     0.02403776
  283     7.415916     0.06644167     0.01968660
  284     7.440440     0.06600940     0.01575554
  285     7.464965     0.06566887     0.01215050
  286     7.489489     0.06541343     0.00885056
  287     7.514014     0.06523476     0.00588465
  288     7.538539     0.06512479     0.00324255
  289     7.563063     0.06507572     0.00091326
  290     7.587588     0.06508000    -0.00111478
  291     7.612112     0.06513040    -0.00284905
  292     7.636637     0.06521974    -0.00431331
  293     7.661161     0.06534196    -0.00554130
  294     7.685686     0.06549154    -0.00650756
  295     7.710210     0.06566115    -0.00719092
  296     7.734735     0.06584425    -0.00761377
  297     7.759259     0.06603460    -0.00778689
  298     7.783784     0.06622619    -0.00771827
  299     7.808308     0.06641317    -0.00741513
  300     7.832833     0.06658989    -0.00688390
  301     7.857357     0.06675082    -0.00613015
  302     7.881882     0.06689057    -0.00515853
  303     7.906406     0.06700384    -0.00397285
  304     7.930931     0.06708543    -0.00257598
  305     7.955455     0.06713019    -0.00096995
  306     7.979980     0.06713301     0.00077580
  307     8.004505     0.06709214     0.00191925
  308     8.029029     0.06703887     0.00238401
  309     8.053554     0.06697521     0.00276901
  310     8.078078     0.06690305     0.00307845
  311     8.102603     0.06682421     0.00331717
  312     8.127127     0.06674035     0.00349049
  313     8.151652     0.06665301     0.00360420
  314     8.176176     0.06656357     0.00357250
  315     8.200701     0.06647778     0.00338115
  316     8.225225     0.06639772     0.00318277
  317     8.249750     0.06632167     0.00305176
  318     8.274274     0.06624804     0.00298133
  319     8.298799     0.06617543     0.00296571
  320     8.323323     0.06610257     0.00299999
  321     8.347848     0.06602829     0.00308001
  322     8.372372     0.06595150     0.00320222
  323     8.396897     0.06587122     0.00336355
  324     8.421421     0.06578652     0.00356136
  325     8.445946     0.06569654     0.00379324
  326     8.470470     0.06560047     0.00405104
  327     8.494995     0.06549784     0.00434473
  328     8.519520     0.06538736     0.00468951
  329     8.544044     0.06526783     0.00505870
  330     8.568569     0.06513924     0.00546877
  331     8.593093     0.06499959     0.00595888
  332     8.617618     0.06484696     0.00652482
  333     8.642142     0.06467955     0.00716247
  334     8.666667     0.06449565     0.00787078
  335     8.691191     0.06429350     0.00867245
  336     8.715716     0.06407027     0.00955359
  337     8.740240     0.06382490     0.01047640
  338     8.764765     0.06355642     0.01143649
  339     8.789289     0.06326395     0.01242934
  340     8.813814     0.06294677     0.01343808
  341     8.838338     0.06260483     0.01443425
  342     8.862863     0.06223878     0.01543352
  343     8.887387     0.06184783     0.01646281
  344     8.911912     0.06143130     0.01751660
  345     8.936436     0.06098866     0.01858912
  346     8.960961     0.06051952     0.01967433
  347     8.985485     0.06002365     0.02076597
  348     9.010010     0.05950097     0.02185753
  349     9.034535     0.05895156     0.02306472
  350     9.059059     0.05836966     0.02447863
  351     9.083584     0.05775090     0.02600561
  352     9.108108     0.05709411     0.02757598
  353     9.132633     0.05639833     0.02918175
  354     9.157157     0.05566278     0.03081483
  355     9.181682     0.05488689     0.03246704
  356     9.206206     0.05407030     0.03413761
  357     9.230731     0.05321247     0.03586159
  358     9.255255     0.05231132     0.03760268
  359     9.279780     0.05136810     0.03929145
  360     9.304304     0.05038411     0.04092499
  361     9.328829     0.04936077     0.04250016
  362     9.353353     0.04829952     0.04401364
  363     9.377878     0.04720194     0.04548320
  364     9.402402     0.04606861     0.04694932
  365     9.426927     0.04489912     0.04839838
  366     9.451451     0.04369472     0.04979392
  367     9.475976     0.04245677     0.05113233
  368     9.500501     0.04118673     0.05241013
  369     9.525025     0.03988611     0.05359864
  370     9.549550     0.03855777     0.05464926
  371     9.574074     0.03720561     0.05558395
  372     9.598599     0.03583142     0.05644153
  373     9.623123     0.03443721     0.05724508
  374     9.647648     0.03302361     0.05799245
  375     9.672172     0.03159273     0.05864815
  376     9.696697     0.03014697     0.05922696
  377     9.721221     0.02868771     0.05971754
  378     9.745746     0.02721788     0.06009003
  379     9.770270     0.02574035     0.06034917
  380     9.794795     0.02425781     0.06049699
  381     9.819319     0.02277303     0.06053185
  382     9.843844     0.02128878     0.06045276
  383     9.868368     0.01980788     0.06025931
  384     9.892893     0.01833312     0.05995170
  385     9.917417     0.01686731     0.05953070
  386     9.941942     0.01541320     0.05899766
  387     9.966466     0.01397353     0.05835450
  388     9.990991     0.01255097     0.05760366
  389    10.015516     0.01114812     0.05674812
  390    10.040040     0.00976752     0.05579137
  391    10.064565     0.00841161     0.05472750
  392    10.089089     0.00708319     0.05349768
  393    10.113614     0.00578760     0.05210366
  394    10.138138     0.00452756     0.05060115
  395    10.162663     0.00330566     0.04899603
  396    10.187187     0.00212435     0.04729458
  397    10.211712     0.00098591     0.04550340
  398    10.236236    -0.00010755     0.04362943
  399    10.260761    -0.00115408     0.04165335
  400    10.285285    -0.00215061     0.03957995
  401    10.309810    -0.00309543     0.03745783
  402    10.334334    -0.00398788     0.03534513
  403    10.358859    -0.00482908     0.03323480
  404    10.383383    -0.00561801     0.03111255
  405    10.407908    -0.00635512     0.02901100
  406    10.432432    -0.00704098     0.02691989
  407    10.456957    -0.00767552     0.02483094
  408    10.481481    -0.00825891     0.02271037
  409    10.506006    -0.00878944     0.02053371
  410    10.530531    -0.00926607     0.01833019
  411    10.555055    -0.00968852     0.01611718
  412    10.579580    -0.01005660     0.01390617
  413    10.604104    -0.01037060     0.01170813
  414    10.628629    -0.01063087     0.00952363
  415    10.653153    -0.01083773     0.00735370
  416    10.677678    -0.01099157     0.00520229
  417    10.702202    -0.01109289     0.00307314
  418    10.726727    -0.01114230     0.00096972
  419    10.751251    -0.01114046    -0.00110514
  420    10.775776    -0.01108809    -0.00315058
  421    10.800300    -0.01098592    -0.00516289
  422    10.824825    -0.01083486    -0.00714937
  423    10.849349    -0.01063525    -0.00910869
  424    10.873874    -0.01038809    -0.01102253
  425    10.898398    -0.01009461    -0.01288429
  426    10.922923    -0.00975612    -0.01469223
  427    10.947447    -0.00937397    -0.01644480
  428    10.971972    -0.00894952    -0.01814063
  429    10.996496    -0.00848419    -0.01977848
  430    11.021021    -0.00797941    -0.02135728
  431    11.045546    -0.00743664    -0.02287604
  432    11.070070    -0.00685736    -0.02433394
  433    11.094595    -0.00624308    -0.02573020
  434    11.119119    -0.00559532    -0.02702880
  435    11.143644    -0.00491734    -0.02820517
  436    11.168168    -0.00421188    -0.02928450
  437    11.192693    -0.00348096    -0.03032737
  438    11.217217    -0.00272435    -0.03134475
  439    11.241742    -0.00194353    -0.03229869
  440    11.266266    -0.00114013    -0.03318646
  441    11.290791    -0.00031577    -0.03400001
  442    11.315315     0.00052754    -0.03470955
  443    11.339840     0.00138670    -0.03533770
  444    11.364364     0.00226082    -0.03592685
  445    11.388889     0.00314888    -0.03647283
  446    11.413413     0.00404978    -0.03697177
  447    11.437938     0.00496231    -0.03742009
  448    11.462462     0.00588519    -0.03781449
  449    11.486987     0.00681707    -0.03815194
  450    11.511512     0.00775651    -0.03842986
  451    11.536036     0.00870202    -0.03866153
  452    11.560561     0.00965282    -0.03883832
  453    11.585085     0.01060700    -0.03893716
  454    11.609610     0.01156265    -0.03895747
  455    11.634134     0.01251783    -0.03889629
  456    11.658659     0.01347048    -0.03875327
  457    11.683183     0.01441864    -0.03851411
  458    11.707708     0.01535956    -0.03816850
  459    11.732232     0.01629077    -0.03772567
  460    11.756757     0.01720997    -0.03718839
  461    11.781281     0.01811483    -0.03655609
  462    11.805806     0.01900301    -0.03582473
  463    11.830330     0.01987199    -0.03498227
  464    11.854855     0.02071886    -0.03403622
  465    11.879379     0.02154144    -0.03300257
  466    11.903904     0.02233760    -0.03188200
  467    11.928428     0.02310522    -0.03067545
  468    11.952953     0.02384220    -0.02938418
  469    11.977477     0.02454649    -0.02800973
  470    12.002002     0.02521605    -0.02655393
  471    12.026527     0.02584893    -0.02501897
  472    12.051051     0.02644321    -0.02340734
  473    12.075576     0.02699704    -0.02172184
  474    12.100100     0.02750865    -0.01996561
  475    12.124625     0.02797633    -0.01814210
  476    12.149149     0.02839850    -0.01626526
  477    12.173674     0.02877413    -0.01438411
  478    12.198198     0.02910403    -0.01250257
  479    12.222723     0.02938737    -0.01058990
  480    12.247247     0.02962345    -0.00865087
  481    12.271772     0.02981169    -0.00669049
  482    12.296296     0.02995161    -0.00471399
  483    12.320821     0.03004290    -0.00272017
  484    12.345345     0.03008503    -0.00073560
  485    12.369870     0.03007898     0.00122144
  486    12.394394     0.03002512     0.00319579
  487    12.418919     0.02992223     0.00519887
  488    12.443443     0.02977012     0.00720528
  489    12.467968     0.02956882     0.00920697
  490    12.492492     0.02931853     0.01119603
  491    12.517017     0.02901967     0.01316478
  492    12.541542     0.02867281     0.01510577
  493    12.566066     0.02827874     0.01701182
  494    12.590591     0.02783840     0.01887607
  495    12.615115     0.02735289     0.02069197
  496    12.639640     0.02682348     0.02245337
  497    12.664164     0.02625157     0.02414958
  498    12.688689     0.02563896     0.02575664
  499    12.713213     0.02498823     0.02726679
  500    12.737738     0.02430155     0.02868552
  501    12.762262     0.02358124     0.03000709
  502    12.786787     0.02282973     0.03122616
  503    12.811311     0.02204962     0.03233761
  504    12.835836     0.02124360     0.03333528
  505    12.860360     0.02041456     0.03421165
  506    12.884885     0.01956556     0.03496643
  507    12.909409     0.01869949     0.03560188
  508    12.933934     0.01781932     0.03611562
  509    12.958458     0.01692805     0.03650579
  510    12.982983     0.01602874     0.03677107
  511    13.007508     0.01512447     0.03691070
  512    13.032032     0.01421831     0.03692445
  513    13.056557     0.01331336     0.03681260
  514    13.081081     0.01241268     0.03657602
  515    13.105606     0.01151934     0.03621605
  516    13.130130     0.01063632     0.03573459
  517    13.154655     0.00976659     0.03513402
  518    13.179179     0.00891303     0.03440839
  519    13.203704     0.00807889     0.03358386
  520    13.228228     0.00726577     0.03269065
  521    13.252753     0.00647545     0.03171565
  522    13.277277     0.00571015     0.03065135
  523    13.301802     0.00497203     0.02950264
  524    13.326326     0.00426308     0.02827476
  525    13.350851     0.00358518     0.02697328
  526    13.375375     0.00294006     0.02561081
  527    13.399900     0.00232899     0.02421192
  528    13.424424     0.00175249     0.02276548
  529    13.448949     0.00121237     0.02125022
  530    13.473473     0.00071019     0.01967543
  531    13.497998     0.00024730     0.01805028
  532    13.522523    -0.00017516     0.01636726
  533    13.547047    -0.00055549     0.01462310
  534    13.571572    -0.00089241     0.01285620
  535    13.596096    -0.00118608     0.01109876
  536    13.620621    -0.00143679     0.00935583
  537    13.645145    -0.00164497     0.00763247
  538    13.669670    -0.00181116     0.00593399
  539    13.694194    -0.00193603     0.00426775
  540    13.718719    -0.00202049     0.00264485
  541    13.743243    -0.00206576     0.00107045
  542    13.767768    -0.00207299    -0.00045423
  543    13.792292    -0.00204348    -0.00192424
  544    13.816817    -0.00197861    -0.00333488
  545    13.841341    -0.00187990    -0.00468170
  546    13.865866    -0.00174898    -0.00596051
  547    13.890390    -0.00158755    -0.00716461
  548    13.914915    -0.00139756    -0.00828996
  549    13.939439    -0.00118093    -0.00933707
  550    13.963964    -0.00093959    -0.01030443
  551    13.988488    -0.00067551    -0.01118954
  552    14.013013    -0.00039075    -0.01199033
  553    14.037538    -0.00008740    -0.01270508
  554    14.062062     0.00023242    -0.01333250
  555    14.086587     0.00056655    -0.01387169
  556    14.111111     0.00091282    -0.01432216
  557    14.135636     0.00126904    -0.01468383
  558    14.160160     0.00163304    -0.01495702
  559    14.184685     0.00200267    -0.01514245
  560    14.209209     0.00237577    -0.01524123
  561    14.233734     0.00275023    -0.01526388
  562    14.258258     0.00312445    -0.01524204
  563    14.282783     0.00349784    -0.01517566
  564    14.307307     0.00386880    -0.01504419
  565    14.331832     0.00423575    -0.01481423
  566    14.356356     0.00459542    -0.01449639
  567    14.380881     0.00494678    -0.01412318
  568    14.405405     0.00528815    -0.01367472
  569    14.429930     0.00561751    -0.01317091
  570    14.454454     0.00593417    -0.01263216
  571    14.478979     0.00623711    -0.01205017
  572    14.503504     0.00652522    -0.01142446
  573    14.528028     0.00679747    -0.01075762
  574    14.552553     0.00705287    -0.01005251
  575    14.577077     0.00729053    -0.00931221
  576    14.601602     0.00750963    -0.00854001
  577    14.626126     0.00770941    -0.00773934
  578    14.650651     0.00788923    -0.00691374
  579    14.675175     0.00804852    -0.00606682
  580    14.699700     0.00818680    -0.00520226
  581    14.724224     0.00830369    -0.00432371
  582    14.748749     0.00839888    -0.00343857
  583    14.773273     0.00847235    -0.00255319
  584    14.797798     0.00852411    -0.00166929
  585    14.822322     0.00855423    -0.00078969
  586    14.846847     0.00856284     0.00008190
  587    14.871371     0.00855021     0.00094188
  588    14.895896     0.00851665     0.00178684
  589    14.920420     0.00846257     0.00261285
  590    14.944945     0.00838849     0.00341496
  591    14.969469     0.00829506     0.00419162
  592    14.993994     0.00818289     0.00494276
  593    15.018519     0.00805263     0.00566601
  594    15.043043     0.00790498     0.00635926
  595    15.067568     0.00774071     0.00702066
  596    15.092092     0.00756062     0.00764861
  597    15.116617     0.00736555     0.00824180
  598    15.141141     0.00715637     0.00879916
  599    15.165666     0.00693396     0.00931994
  600    15.190190     0.00669924     0.00975545
  601    15.214715     0.00645547     0.01008781
  602    15.239239     0.00620444     0.01035487
  603    15.263764     0.00594757     0.01056433
  604    15.288288     0.00568627     0.01072543
  605    15.312813     0.00542150     0.01084319
  606    15.337337     0.00515442     0.01091228
  607    15.361862     0.00488626     0.01093194
  608    15.386386     0.00461822     0.01090372
  609    15.410911     0.00435145     0.01082936
  610    15.435435     0.00408705     0.01071077
  611    15.459960     0.00382609     0.01054931
  612    15.484484     0.00356962     0.01034578
  613    15.509009     0.00331864     0.01010414
  614    15.533534     0.00307402     0.00981534
  615    15.558058     0.00283721     0.00948576
  616    15.582583     0.00260875     0.00913676
  617    15.607107     0.00238906     0.00877130
  618    15.631632     0.00217853     0.00839057
  619    15.656156     0.00197751     0.00799590
  620    15.680681     0.00178634     0.00758872
  621    15.705205     0.00160529     0.00717059
  622    15.729730     0.00143463     0.00674308
  623    15.754254     0.00127455     0.00630784
  624    15.778779     0.00112523     0.00586744
  625    15.803303     0.00098676     0.00542659
  626    15.827828     0.00085906     0.00498735
  627    15.852352     0.00074213     0.00454975
  628    15.876877     0.00063590     0.00411567
  629    15.901401     0.00054026     0.00368695
  630    15.925926     0.00045506     0.00326537
  631    15.950450     0.00038010     0.00285262
  632    15.974975     0.00031514     0.00245164
  633    15.999499     0.00025985     0.00206403
  634    16.024024     0.00021390     0.00168949
  635    16.048549     0.00017698     0.00132884
  636    16.073073     0.00014873     0.00098322
  637    16.097598     0.00012876     0.00065368
  638    16.122122     0.00011666     0.00034111
  639    16.146647     0.00011202     0.00004626
  640    16.171171     0.00011439    -0.00023024
  641    16.195696     0.00012332    -0.00048793
  642    16.220220     0.00013833    -0.00072648
  643    16.244745     0.00015895    -0.00094570
  644    16.269269     0.00018471    -0.00114555
  645    16.293794     0.00021514    -0.00132611
  646    16.318318     0.00024976    -0.00148667
  647    16.342843     0.00028806    -0.00162517
  648    16.367367     0.00032947    -0.00174246
  649    16.391892     0.00037352    -0.00182273
  650    16.416416     0.00041887    -0.00186162
  651    16.440941     0.00046483    -0.00187460
  652    16.465465     0.00051082    -0.00186410
  653    16.489990     0.00055627    -0.00183122
  654    16.514515     0.00060064    -0.00177158
  655    16.539039     0.00064316    -0.00167901
  656    16.563564     0.00068299    -0.00156604
  657    16.588088     0.00071997    -0.00144636
  658    16.612613     0.00075394    -0.00131995
  659    16.637137     0.00078472    -0.00118694
  660    16.661662     0.00081215    -0.00104756
  661    16.686186     0.00083610    -0.00090217
  662    16.710711     0.00085641    -0.00075121
  663    16.735235     0.00087294    -0.00059521
  664    16.759760     0.00088560    -0.00043474
  665    16.784284     0.00089427    -0.00027044
  666    16.808809     0.00089886    -0.00010297
  667    16.833333     0.00089932     0.00006523
  668    16.857858     0.00089567     0.00023235
  669    16.882382     0.00088792     0.00039858
  670    16.906907     0.00087612     0.00056339
  671    16.931431     0.00086029     0.00072593
  672    16.955956     0.00084051     0.00088535
  673    16.980480     0.00081686     0.00104083
  674    17.005005     0.00078946     0.00119132
  675    17.029530     0.00075843     0.00133549
  676    17.054054     0.00072395     0.00147313
  677    17.078579     0.00068617     0.00160444
  678    17.103103     0.00064526     0.00172887
  679    17.127628     0.00060137     0.00184591
  680    17.152152     0.00055472     0.00195513
  681    17.176677     0.00050548     0.00205619
  682    17.201201     0.00045386     0.00214880
  683    17.225726     0.00040008     0.00223276
  684    17.250250     0.00034435     0.00230793
  685    17.274775     0.00028688     0.00237428
  686    17.299299     0.00022789     0.00243183
  687    17.323824     0.00016760     0.00248069
  688    17.348348     0.00010622     0.00252103
  689    17.372873     0.00004395     0.00254574
  690    17.397397    -0.00001865     0.00254104
  691    17.421922    -0.00008069     0.00251106
  692    17.446446    -0.00014182     0.00246673
  693    17.470971    -0.00020168     0.00240861
  694    17.495495    -0.00025996     0.00233735
  695    17.520020    -0.00031633     0.00225332
  696    17.544545    -0.00037048     0.00215513
  697    17.569069    -0.00042203     0.00204172
  698    17.593594    -0.00047062     0.00191811
  699    17.618118    -0.00051611     0.00178914
  700    17.642643    -0.00055838     0.00165517
  701    17.667167    -0.00059730     0.00151659
  702    17.691692    -0.00063277     0.00137385
  703    17.716216    -0.00066468     0.00122744
  704    17.740741    -0.00069297     0.00107790
  705    17.765265    -0.00071755     0.00092578
  706    17.789790    -0.00073838     0.00077166
  707    17.814314    -0.00075540     0.00061613
  708    17.838839    -0.00076860     0.00045979
  709    17.863363    -0.00077796     0.00030362
  710    17.887888    -0.00078349     0.00014921
  711    17.912412    -0.00078527    -0.00000277
  712    17.936937    -0.00078336    -0.00015226
  713    17.961461    -0.00077781    -0.00029863
  714    17.985986    -0.00076871    -0.00044124
  715    18.010511    -0.00075616    -0.00057951
  716    18.035035    -0.00074028    -0.00071286
  717    18.059560    -0.00072120    -0.00084030
  718    18.084084    -0.00069907    -0.00096135
  719    18.108609    -0.00067405    -0.00107615
  720    18.133133    -0.00064629    -0.00118439
  721    18.157658    -0.00061595    -0.00128572
  722    18.182182    -0.00058322    -0.00137984
  723    18.206707    -0.00054827    -0.00146648
  724    18.231231    -0.00051129    -0.00154544
  725    18.255756    -0.00047247    -0.00161654
  726    18.280280    -0.00043200    -0.00167970
  727    18.304805    -0.00039008    -0.00173486
  728    18.329329    -0.00034691    -0.00178201
  729    18.353854    -0.00030268    -0.00182121
  730    18.378378    -0.00025758    -0.00185214
  731    18.402903    -0.00021183    -0.00187188
  732    18.427427    -0.00016577    -0.00187624
  733    18.451952    -0.00011980    -0.00186713
  734    18.476476    -0.00007418    -0.00184829
  735    18.501001    -0.00002915    -0.00182008
  736    18.525526     0.00001509    -0.00178287
  737    18.550050     0.00005830    -0.00173710
  738    18.574575     0.00010029    -0.00168321
  739    18.599099     0.00014086    -0.00161857
  740    18.623624     0.00017968    -0.00154444
  741    18.648148     0.00021662    -0.00146573
  742    18.672673     0.00025157    -0.00138333
  743    18.697197     0.00028447    -0.00129748
  744    18.721722     0.00031521    -0.00120845
  745    18.746246     0.00034374    -0.00111656
  746    18.770771     0.00036998    -0.00102213
  747    18.795295     0.00039387    -0.00092553
  748    18.819820     0.00041538    -0.00082710
  749    18.844344     0.00043444    -0.00072724
  750    18.868869     0.00045105    -0.00062633
  751    18.893393     0.00046516    -0.00052476
  752    18.917918     0.00047678    -0.00042353
  753    18.942442     0.00048594    -0.00032334
  754    18.966967     0.00049264    -0.00022425
  755    18.991491     0.00049694    -0.00012660
  756    19.016016     0.00049885    -0.00003079
  757    19.040541     0.00049845     0.00006279
  758    19.065065     0.00049577     0.00015376
  759    19.089590     0.00049091     0.00024163
  760    19.114114     0.00048392     0.00032587
  761    19.138639     0.00047492     0.00040638
  762    19.163163     0.00046399     0.00048317
  763    19.187688     0.00045122     0.00055599
  764    19.212212     0.00043672     0.00062462
  765    19.236737     0.00042059     0.00068887
  766    19.261261     0.00040293     0.00074858
  767    19.285786     0.00038387     0.00080361
  768    19.310310     0.00036351     0.00085389
  769    19.334835     0.00034199     0.00089934
  770    19.359359     0.00031940     0.00093994
  771    19.383884     0.00029588     0.00097568
  772    19.408408     0.00027155     0.00100661
  773    19.432933     0.00024651     0.00103279
  774    19.457457     0.00022089     0.00105015
  775    19.481982     0.00019500     0.00105742
  776    19.506507     0.00016902     0.00105805
  777    19.531031     0.00014310     0.00105275
  778    19.555556     0.00011739     0.00104173
  779    19.580080     0.00009201     0.00102523
  780    19.604605     0.00006710     0.00100350
  781    19.629129     0.00004279     0.00097582
  782    19.653654     0.00001924     0.00094137
  783    19.678178    -0.00000339     0.00090239
  784    19.702703    -0.00002502     0.00086115
  785    19.727227    -0.00004562     0.00081774
  786    19.751752    -0.00006513     0.00077227
  787    19.776276    -0.00008350     0.00072490
  788    19.800801    -0.00010069     0.00067579
  789    19.825325    -0.00011665     0.00062511
  790    19.849850    -0.00013135     0.00057307
  791    19.874374    -0.00014476     0.00051985
  792    19.898899    -0.00015685     0.00046567
  793    19.923423    -0.00016760     0.00041075
  794    19.947948    -0.00017700     0.00035546
  795    19.972472    -0.00018503     0.00030039
  796    19.996997    -0.00019173     0.00024576
  797    20.021522    -0.00019709     0.00019159
  798    20.046046    -0.00020113     0.00013813
  799    20.070571    -0.00020386     0.00008561
  800    20.095095    -0.00020533     0.00003424
  801    20.119620    -0.00020554    -0.00001575
  802    20.144144    -0.00020455    -0.00006394
  803    20.168669    -0.00020241    -0.00011018
  804    20.193193    -0.00019915    -0.00015456
  805    20.217718    -0.00019483    -0.00019697
  806    20.242242    -0.00018949    -0.00023726
  807    20.266767    -0.00018319    -0.00027532
  808    20.291291    -0.00017598    -0.00031105
  809    20.315816    -0.00016793    -0.00034435
  810    20.340340    -0.00015909    -0.00037516
  811    20.364865    -0.00014953    -0.00040344
  812    20.389389    -0.00013931    -0.00042915
  813    20.413914    -0.00012848    -0.00045229
  814    20.438438    -0.00011712    -0.00047287
  815    20.462963    -0.00010529    -0.00049091
  816    20.487487    -0.00009304    -0.00050512
  817    20.512012    -0.00008051    -0.00051331
  818    20.536537    -0.00006787    -0.00051628
  819    20.561061    -0.00005519    -0.00051579
  820    20.585586    -0.00004257    -0.00051194
  821    20.610110    -0.00003008    -0.00050488
  822    20.634635    -0.00001780    -0.00049474
  823    20.659159    -0.00000581    -0.00048169
  824    20.683684     0.00000582    -0.00046445
  825    20.708208     0.00001697    -0.00044363
  826    20.732733     0.00002758    -0.00042141
  827    20.757257     0.00003764    -0.00039800
  828    20.781782     0.00004710    -0.00037346
  829    20.806306     0.00005596    -0.00034786
  830    20.830831     0.00006417    -0.00032127
  831    20.855355     0.00007171    -0.00029381
  832    20.879880     0.00007858    -0.00026556
  833    20.904404     0.00008474    -0.00023663
  834    20.928929     0.00009018    -0.00020714
  835    20.953453     0.00009490    -0.00017720
  836    20.977978     0.00009888    -0.00014693
  837    21.002503     0.00010211    -0.00011674
  838    21.027027     0.00010460    -0.00008690
  839    21.051552     0.00010637    -0.00005735
  840    21.076076     0.00010741    -0.00002821
  841    21.100601     0.00010775     0.00000040
  842    21.125125     0.00010739     0.00002834
  843    21.149650     0.00010636     0.00005548
  844    21.174174     0.00010467     0.00008166
  845    21.198699     0.00010236     0.00010671
  846    21.223223     0.00009944     0.00013059
  847    21.247748     0.00009595     0.00015332
  848    21.272272     0.00009192     0.00017479
  849    21.296797     0.00008738     0.00019494
  850    21.321321     0.00008236     0.00021371
  851    21.345846     0.00007689     0.00023105
  852    21.370370     0.00007102     0.00024691
  853    21.394895     0.00006478     0.00026126
  854    21.419419     0.00005821     0.00027410
  855    21.443944     0.00005134     0.00028540
  856    21.468468     0.00004421     0.00029517
  857    21.492993     0.00003686     0.00030344
  858    21.517518     0.00002933     0.00031022
  859    21.542042     0.00002165     0.00031365
  860    21.566567     0.00001394     0.00031324
  861    21.591091     0.00000628     0.00031060
  862    21.615616    -0.00000129     0.00030593
  863    21.640140    -0.00000872     0.00029931
  864    21.664665    -0.00001597     0.00029083
  865    21.689189    -0.00002299     0.00028059
  866    21.713714    -0.00002973     0.00026830
  867    21.738238    -0.00003615     0.00025374
  868    21.762763    -0.00004218     0.00023774
  869    21.787287    -0.00004781     0.00022103
  870    21.811812    -0.00005302     0.00020364
  871    21.836336    -0.00005780     0.00018563
  872    21.860861    -0.00006213     0.00016704
  873    21.885385    -0.00006599     0.00014796
  874    21.909910    -0.00006938     0.00012844
  875    21.934434    -0.00007229     0.00010855
  876    21.958959    -0.00007471     0.00008839
  877    21.983483    -0.00007663     0.00006801
  878    22.008008    -0.00007804     0.00004752
  879    22.032533    -0.00007896     0.00002704
  880    22.057057    -0.00007937     0.00000678
  881    22.081582    -0.00007929    -0.00001318
  882    22.106106    -0.00007872    -0.00003282
  883    22.130631    -0.00007768    -0.00005206
  884    22.155155    -0.00007617    -0.00007081
  885    22.179680    -0.00007421    -0.00008899
  886    22.204204    -0.00007180    -0.00010653
  887    22.228729    -0.00006898    -0.00012331
  888    22.253253    -0.00006576    -0.00013929
  889    22.277778    -0.00006215    -0.00015443
  890    22.302302    -0.00005818    -0.00016868
  891    22.326827    -0.00005388    -0.00018199
  892    22.351351    -0.00004926    -0.00019431
  893    22.375876    -0.00004435    -0.00020561
  894    22.400400    -0.00003917    -0.00021587
  895    22.424925    -0.00003376    -0.00022505
  896    22.449449    -0.00002813    -0.00023316
  897    22.473974    -0.00002232    -0.00024017
  898    22.498498    -0.00001635    -0.00024609
  899    22.523023    -0.00001025    -0.00025094
  900    22.547548    -0.00000404    -0.00025471
  901    22.572072     0.00000224    -0.00025692
  902    22.596597     0.00000856    -0.00025685
  903    22.621121     0.00001484    -0.00025486
  904    22.645646     0.00002106    -0.00025150
  905    22.670170     0.00002718    -0.00024683
  906    22.694695     0.00003317    -0.00024090
  907    22.719219     0.00003899    -0.00023377
  908    22.743744     0.00004463    -0.00022550
  909    22.768268     0.00005005    -0.00021568
  910    22.792793     0.00005521    -0.00020454
  911    22.817317     0.00006009    -0.00019284
  912    22.841842     0.00006467    -0.00018062
  913    22.866366     0.00006895    -0.00016791
  914    22.890891     0.00007290    -0.00015477
  915    22.915415     0.00007654    -0.00014123
  916    22.939940     0.00007983    -0.00012733
  917    22.964464     0.00008278    -0.00011314
  918    22.988989     0.00008538    -0.00009870
  919    23.013514     0.00008762    -0.00008408
  920    23.038038     0.00008950    -0.00006932
  921    23.062563     0.00009102    -0.00005448
  922    23.087087     0.00009218    -0.00003966
  923    23.111612     0.00009297    -0.00002493
  924    23.136136     0.00009340    -0.00001031
  925    23.160661     0.00009347     0.00000412
  926    23.185185     0.00009320     0.00001832
  927    23.209710     0.00009258     0.00003223
  928    23.234234     0.00009162     0.00004580
  929    23.258759     0.00009033     0.00005897
  930    23.283283     0.00008872     0.00007172
  931    23.307808     0.00008681     0.00008398
  932    23.332332     0.00008461     0.00009573
  933    23.356857     0.00008212     0.00010692
  934    23.381381     0.00007936     0.00011753
  935    23.405906     0.00007635     0.00012752
  936    23.430430     0.00007311     0.00013688
  937    23.454955     0.00006964     0.00014559
  938    23.479479     0.00006597     0.00015363
  939    23.504004     0.00006210     0.00016100
  940    23.528529     0.00005807     0.00016767
  941    23.553053     0.00005388     0.00017367
  942    23.577578     0.00004955     0.00017898
  943    23.602102     0.00004510     0.00018361
  944    23.626627     0.00004054     0.00018693
  945    23.651151     0.00003593     0.00018880
  946    23.675676     0.00003128     0.00018977
  947    23.700200     0.00002662     0.00018989
  948    23.724725     0.00002197     0.00018919
  949    23.749249     0.00001734     0.00018769
  950    23.773774     0.00001276     0.00018542
  951    23.798298     0.00000825     0.00018225
  952    23.822823     0.00000382     0.00017813
  953    23.847347    -0.00000049     0.00017338
  954    23.871872    -0.00000468     0.00016825
  955    23.896396    -0.00000874     0.00016275
  956    23.920921    -0.00001266     0.00015689
  957    23.945445    -0.00001644     0.00015070
  958    23.969970    -0.00002005     0.00014420
  959    23.994494    -0.00002351     0.00013741
  960    24.019019    -0.00002679     0.00013036
  961    24.043544    -0.00002990     0.00012307
  962    24.068068    -0.00003283     0.00011558
  963    24.092593    -0.00003557     0.00010791
  964    24.117117    -0.00003812     0.00010009
  965    24.141642    -0.00004048     0.00009216
  966    24.166166    -0.00004264     0.00008414
  967    24.190691    -0.00004461     0.00007606
  968    24.215215    -0.00004637     0.00006797
  969    24.239740    -0.00004794     0.00005987
  970    24.264264    -0.00004931     0.00005181
  971    24.288789    -0.00005048     0.00004381
  972    24.313313    -0.00005146     0.00003590
  973    24.337838    -0.00005224     0.00002810
  974    24.362362    -0.00005284     0.00002043
  975    24.386887    -0.00005325     0.00001292
  976    24.411411    -0.00005347     0.00000558
  977    24.435936    -0.00005352    -0.00000156
  978    24.460460    -0.00005340    -0.00000850
  979    24.484985    -0.00005310    -0.00001521
  980    24.509510    -0.00005265    -0.00002169
  981    24.534034    -0.00005204    -0.00002792
  982    24.558559    -0.00005128    -0.00003391
  983    24.583083    -0.00005038    -0.00004014
  984    24.607608    -0.00004931    -0.00004582
  985    24.632132    -0.00004813    -0.00005038
  986    24.656657    -0.00004684    -0.00005459
  987    24.681181    -0.00004545    -0.00005842
  988    24.705706    -0.00004397    -0.00006190
  989    24.730230    -0.00004242    -0.00006501
  990    24.754755    -0.00004079    -0.00006775
  991    24.779279    -0.00003909    -0.00007013
  992    24.803804    -0.00003735    -0.00007215
  993    24.828328    -0.00003555    -0.00007380
  994    24.852853    -0.00003373    -0.00007509
  995    24.877377    -0.00003187    -0.00007602
  996    24.901902    -0.00003000    -0.00007658
  997    24.926426    -0.00002811    -0.00007678
  998    24.950951    -0.00002623    -0.00007661
  999    24.975475    -0.00002436    -0.00007608
 1000    25.000000    -0.00002250    -0.00007572
