#aqueous Center_edge

Cent_Edge
N 1000 R 0.5 25

    1     0.500000    42.67044327    23.54723281
    2     0.524525    42.09295859    23.47925176
    3     0.549049    41.51880830    23.33837468
    4     0.573574    40.94823350    23.18766760
    5     0.598098    40.38147526    23.02713053
    6     0.622623    39.81877465    22.85676347
    7     0.647147    39.26037275    22.67656643
    8     0.671672    38.70651063    22.48514228
    9     0.696196    38.15749790    22.28239774
   10     0.720721    37.61358021    22.07099416
   11     0.745245    37.07493662    21.85250538
   12     0.769770    36.54173560    21.62734517
   13     0.794294    36.01413591    21.39588982
   14     0.818819    35.49228755    21.15847853
   15     0.843343    34.97633266    20.91541367
   16     0.867868    34.46640640    20.66696090
   17     0.892392    33.96263788    20.41334928
   18     0.916917    33.46515103    20.15477113
   19     0.941441    32.97406552    19.89138197
   20     0.965966    32.48949766    19.62330015
   21     0.990490    32.01156131    19.35060658
   22     1.015015    31.54036881    19.07334417
   23     1.039540    31.07603192    18.79316878
   24     1.064064    30.61858175    18.51152817
   25     1.088589    30.16805906    18.22819582
   26     1.113113    29.72450608    17.94331674
   27     1.137638    29.28795644    17.65723662
   28     1.162162    28.85843542    17.37029143
   29     1.186687    28.43596016    17.08280790
   30     1.211211    28.02053993    16.79510410
   31     1.235736    27.61217628    16.50969814
   32     1.260260    27.21075494    16.22625214
   33     1.284785    26.81629404    15.94054140
   34     1.309309    26.42888654    15.65142805
   35     1.333834    26.04860638    15.35970412
   36     1.358358    25.67550766    15.06619621
   37     1.382883    25.30962378    14.77176851
   38     1.407407    24.95096646    14.47732591
   39     1.431932    24.59952471    14.18381726
   40     1.456456    24.25526372    13.89223869
   41     1.480981    23.91812362    13.60363713
   42     1.505506    23.58801825    13.31911388
   43     1.530030    23.26483375    13.03982836
   44     1.554555    22.94842707    12.76700201
   45     1.579079    22.63862444    12.50192225
   46     1.603604    22.33521967    12.24161488
   47     1.628128    22.03818487    11.98275043
   48     1.652653    21.74747716    11.72669050
   49     1.677177    21.46300185    11.47464476
   50     1.701702    21.18465674    11.22671946
   51     1.726226    20.91234194    10.98294874
   52     1.750751    20.64595355    10.74349215
   53     1.775275    20.38538387    10.50850242
   54     1.799800    20.13052150    10.27812535
   55     1.824324    19.88125159    10.05249961
   56     1.848849    19.63745596     9.83175669
   57     1.873373    19.39901328     9.61602075
   58     1.897898    19.16579928     9.40540847
   59     1.922422    18.93768693     9.20002900
   60     1.946947    18.71454661     8.99998382
   61     1.971471    18.49624629     8.80536673
   62     1.995996    18.28265174     8.61626369
   63     2.020521    18.07362675     8.43275035
   64     2.045045    17.86903336     8.25475354
   65     2.069570    17.66873893     8.08224726
   66     2.094094    17.47260682     7.91532267
   67     2.118619    17.28049988     7.75399377
   68     2.143143    17.09228080     7.59826471
   69     2.167668    16.90781223     7.44812979
   70     2.192192    16.72695711     7.30357353
   71     2.216717    16.54957889     7.16457071
   72     2.241241    16.37554173     7.03108644
   73     2.265766    16.20471079     6.90216171
   74     2.290290    16.03699726     6.77494045
   75     2.314815    15.87240640     6.65356335
   76     2.339339    15.71064631     6.54372788
   77     2.363864    15.55144277     6.44468331
   78     2.388388    15.39454072     6.35561608
   79     2.412913    15.23970585     6.27564638
   80     2.437437    15.08672623     6.20382451
   81     2.461962    14.93541415     6.13912712
   82     2.486486    14.78560789     6.08045320
   83     2.511011    14.63717371     6.02661991
   84     2.535536    14.49000791     5.97635827
   85     2.560060    14.34403902     5.92831093
   86     2.584585    14.19922990     5.88103041
   87     2.609109    14.05558007     5.83294780
   88     2.633634    13.91312936     5.78417953
   89     2.658158    13.77187156     5.74094613
   90     2.682683    13.63154141     5.70520688
   91     2.707207    13.49203659     5.67357212
   92     2.731732    13.35325809     5.64590662
   93     2.756256    13.21511024     5.62207314
   94     2.780781    13.07750075     5.60193285
   95     2.805305    12.94034076     5.58534580
   96     2.829830    12.80354485     5.57217132
   97     2.854354    12.66703105     5.56226849
   98     2.878879    12.53072087     5.55549651
   99     2.903403    12.39453923     5.55171506
  100     2.927928    12.25841452     5.55077996
  101     2.952452    12.12227876     5.55253111
  102     2.976977    11.98606815     5.55682453
  103     3.001502    11.84972180     5.56353436
  104     3.026026    11.71318208     5.57252615
  105     3.050551    11.57639469     5.58366778
  106     3.075075    11.43930849     5.59682960
  107     3.099600    11.30187552     5.61188456
  108     3.124124    11.16405089     5.62870834
  109     3.148649    11.02579273     5.64717937
  110     3.173173    10.88706211     5.66717887
  111     3.197698    10.74782299     5.68859086
  112     3.222222    10.60804214     5.71130208
  113     3.246747    10.46768906     5.73520198
  114     3.271271    10.32673593     5.76018253
  115     3.295796    10.18515758     5.78613817
  116     3.320320    10.04293136     5.81561892
  117     3.344845     9.89990700     5.84747880
  118     3.369369     9.75611809     5.87639874
  119     3.393894     9.61167523     5.90103520
  120     3.418418     9.46667792     5.92186565
  121     3.442943     9.32121335     5.93941497
  122     3.467467     9.17535526     5.95425840
  123     3.491992     9.02916264     5.96702452
  124     3.516517     8.88267839     5.97839856
  125     3.541041     8.73592788     5.98912570
  126     3.565566     8.58891747     6.00001477
  127     3.590090     8.44163286     6.01194191
  128     3.614615     8.29403743     6.02586356
  129     3.639139     8.14606998     6.04279805
  130     3.663664     7.99764393     6.06385614
  131     3.688188     7.84864360     6.08502897
  132     3.712713     7.69917905     6.10235000
  133     3.737237     7.54932914     6.11730496
  134     3.761762     7.39913106     6.13068740
  135     3.786286     7.24862475     6.14238390
  136     3.810811     7.09785297     6.15227970
  137     3.835335     6.94686128     6.16025888
  138     3.859860     6.79569813     6.16620449
  139     3.884384     6.64441482     6.16999880
  140     3.908909     6.49306555     6.17152360
  141     3.933433     6.34170745     6.17066047
  142     3.957958     6.19040053     6.16729120
  143     3.982482     6.03920768     6.16128066
  144     4.007007     5.88819557     6.15249709
  145     4.031532     5.73743355     6.14077917
  146     4.056056     5.58699619     6.12592298
  147     4.080581     5.43696286     6.10779239
  148     4.105105     5.28741478     6.08628386
  149     4.129630     5.13843642     6.06126748
  150     4.154154     4.99011538     6.03261658
  151     4.178679     4.84254231     6.00020834
  152     4.203203     4.69581086     5.96392458
  153     4.227728     4.55001749     5.92365237
  154     4.252252     4.40526135     5.87928487
  155     4.276777     4.26164415     5.83072197
  156     4.301301     4.11926998     5.77787114
  157     4.325826     3.97824507     5.72064813
  158     4.350350     3.83867763     5.65835014
  159     4.374875     3.70070838     5.58957787
  160     4.399399     3.56451415     5.51671305
  161     4.423924     3.43011885     5.44267634
  162     4.448448     3.29755605     5.36706415
  163     4.472973     3.16686945     5.28945528
  164     4.497497     3.03811330     5.20940946
  165     4.522022     2.91135287     5.12646573
  166     4.546547     2.78666503     5.04014067
  167     4.571071     2.66413877     4.94992641
  168     4.595596     2.54387585     4.85528851
  169     4.620120     2.42599148     4.75566365
  170     4.644645     2.31061507     4.65054037
  171     4.669169     2.19788690     4.53944126
  172     4.693694     2.08795979     4.42133733
  173     4.718218     1.98102451     4.29640498
  174     4.742743     1.87722521     4.16835963
  175     4.767267     1.77657043     4.03842422
  176     4.791792     1.67914434     3.90520460
  177     4.816316     1.58502386     3.76900069
  178     4.840841     1.49427844     3.63012008
  179     4.865365     1.40696992     3.48887782
  180     4.889890     1.32315230     3.34559621
  181     4.914414     1.24287161     3.20060441
  182     4.938939     1.16616570     3.05423802
  183     4.963463     1.09306414     2.90683850
  184     4.987988     1.02358804     2.75875248
  185     5.012513     0.95774995     2.61016783
  186     5.037037     0.89556179     2.46091547
  187     5.061562     0.83704439     2.31124720
  188     5.086086     0.78219731     2.16175384
  189     5.110611     0.73101242     2.01276239
  190     5.135135     0.68347323     1.86461493
  191     5.159660     0.63955483     1.71807274
  192     5.184184     0.59920340     1.57502075
  193     5.208709     0.56230156     1.43336007
  194     5.233233     0.52889845     1.29030606
  195     5.257758     0.49901328     1.14704689
  196     5.282282     0.47263689     1.00470953
  197     5.306807     0.44973323     0.86436143
  198     5.331331     0.43024078     0.72701213
  199     5.355856     0.41407397     0.59361475
  200     5.380380     0.40112454     0.46506736
  201     5.404905     0.39126286     0.34325722
  202     5.429429     0.38428810     0.22847095
  203     5.453954     0.38005658     0.11947162
  204     5.478478     0.37842813     0.01664958
  205     5.503003     0.37923993    -0.07917122
  206     5.527528     0.38231141    -0.16804110
  207     5.552052     0.38748219    -0.25331836
  208     5.576577     0.39473643    -0.33566362
  209     5.601101     0.40394617    -0.41256307
  210     5.625626     0.41497226    -0.48355957
  211     5.650150     0.42766431    -0.54819424
  212     5.674675     0.44186066    -0.60600555
  213     5.699199     0.45738830    -0.65398199
  214     5.723724     0.47393786    -0.69320297
  215     5.748248     0.49138925    -0.72822782
  216     5.772773     0.50965674    -0.76096201
  217     5.797297     0.52871371    -0.79160937
  218     5.821822     0.54848443    -0.81841358
  219     5.846346     0.56885612    -0.84023620
  220     5.870871     0.58969721    -0.85627006
  221     5.895395     0.61085535    -0.86574066
  222     5.919920     0.63216097    -0.86798619
  223     5.944444     0.65342925    -0.86242330
  224     5.968969     0.67446201    -0.84854289
  225     5.993493     0.69504947    -0.82590586
  226     6.018018     0.71497191    -0.79413900
  227     6.042543     0.73400124    -0.75293089
  228     6.067067     0.75190245    -0.70702223
  229     6.091592     0.76868000    -0.66010951
  230     6.116116     0.78428020    -0.61034404
  231     6.140641     0.79861680    -0.55720889
  232     6.165165     0.81161076    -0.50140763
  233     6.189690     0.82321037    -0.44347476
  234     6.214214     0.83336278    -0.38250240
  235     6.238739     0.84197174    -0.31795361
  236     6.263263     0.84895810    -0.25051578
  237     6.287788     0.85425931    -0.18085662
  238     6.312312     0.85782895    -0.10962395
  239     6.336837     0.85963626    -0.03744536
  240     6.361361     0.85966561     0.03507210
  241     6.385886     0.85791600     0.10734236
  242     6.410410     0.85440057     0.17880069
  243     6.434935     0.84914600     0.24872521
  244     6.459459     0.84220083     0.31632846
  245     6.483984     0.83363039     0.38172098
  246     6.508509     0.82347778     0.44508147
  247     6.533033     0.81179957     0.50666320
  248     6.557558     0.79862643     0.56748645
  249     6.582082     0.78396489     0.62722378
  250     6.606607     0.76786170     0.68487223
  251     6.631131     0.75037256     0.74006958
  252     6.655656     0.73156199     0.79245115
  253     6.680180     0.71150359     0.84161622
  254     6.704705     0.69028152     0.88728563
  255     6.729229     0.66798307     0.93013091
  256     6.753754     0.64465948     0.97111695
  257     6.778278     0.62035071     1.00644963
  258     6.802803     0.59529408     1.03285909
  259     6.827327     0.56968995     1.05212688
  260     6.851852     0.54368826     1.06536015
  261     6.876376     0.51743505     1.07306942
  262     6.900901     0.49105523     1.07609462
  263     6.925425     0.46465363     1.07523345
  264     6.949950     0.43831605     1.07124462
  265     6.974474     0.41211010     1.06485079
  266     6.998999     0.38608613     1.05674131
  267     7.023524     0.36027795     1.04759324
  268     7.048048     0.33470268     1.03816565
  269     7.072573     0.30935691     1.02913084
  270     7.097097     0.28422479     1.01926526
  271     7.121622     0.25936292     1.00413617
  272     7.146146     0.23497286     0.98314819
  273     7.170671     0.21114043     0.95879562
  274     7.195195     0.18794485     0.93125217
  275     7.219720     0.16546340     0.90061919
  276     7.244244     0.14377034     0.86707726
  277     7.268769     0.12293408     0.83086714
  278     7.293293     0.10301709     0.79223540
  279     7.317818     0.08407569     0.75143330
  280     7.342342     0.06616000     0.70871567
  281     7.366867     0.04931386     0.66433984
  282     7.391391     0.03357477     0.61856445
  283     7.415916     0.01897386     0.57164840
  284     7.440440     0.00553596     0.52384970
  285     7.464965    -0.00672047     0.47544487
  286     7.489489    -0.01778416     0.42690794
  287     7.514014    -0.02765989     0.37831602
  288     7.538539    -0.03634020     0.32939935
  289     7.563063    -0.04381662     0.28027159
  290     7.587588    -0.05008726     0.23122858
  291     7.612112    -0.05515816     0.18256429
  292     7.636637    -0.05904186     0.13454159
  293     7.661161    -0.06175730     0.08741890
  294     7.685686    -0.06332968     0.04144977
  295     7.710210    -0.06379037    -0.00311758
  296     7.734735    -0.06317676    -0.04604052
  297     7.759259    -0.06153213    -0.08708225
  298     7.783784    -0.05890546    -0.12939209
  299     7.808308    -0.05518557    -0.17042185
  300     7.832833    -0.05054643    -0.20354642
  301     7.857357    -0.04520181    -0.22903868
  302     7.881882    -0.03931230    -0.24848584
  303     7.906406    -0.03301382    -0.26296043
  304     7.930931    -0.02641434    -0.27360289
  305     7.955455    -0.01959385    -0.28152158
  306     7.979980    -0.01260598    -0.28775798
  307     8.004505    -0.00547960    -0.29329138
  308     8.029029     0.00177968    -0.29904311
  309     8.053554     0.00918818    -0.30588069
  310     8.078078     0.01678284    -0.31462158
  311     8.102603     0.02462007    -0.32603675
  312     8.127127     0.03277463    -0.34085393
  313     8.151652     0.04133863    -0.35313046
  314     8.176176     0.05009535    -0.35886532
  315     8.200701     0.05894063    -0.36118283
  316     8.225225     0.06781102    -0.36096335
  317     8.249750     0.07664554    -0.35831304
  318     8.274274     0.08538594    -0.35334557
  319     8.298799     0.09397681    -0.34618138
  320     8.323323     0.10236580    -0.33694697
  321     8.347848     0.11050374    -0.32577421
  322     8.372372     0.11834472    -0.31279954
  323     8.396897     0.12584626    -0.29816328
  324     8.421421     0.13296934    -0.28200883
  325     8.445946     0.13967852    -0.26448197
  326     8.470470     0.14594193    -0.24573010
  327     8.494995     0.15173135    -0.22590149
  328     8.519520     0.15702219    -0.20521025
  329     8.544044     0.16179672    -0.18387209
  330     8.568569     0.16604094    -0.16183337
  331     8.593093     0.16973449    -0.13904996
  332     8.617618     0.17286120    -0.11569238
  333     8.642142     0.17540909    -0.09193029
  334     8.666667     0.17737030    -0.06793700
  335     8.691191     0.17874134    -0.04387912
  336     8.715716     0.17952253    -0.01991061
  337     8.740240     0.17971793     0.00381112
  338     8.764765     0.17933560     0.02712464
  339     8.789289     0.17838749     0.04987108
  340     8.813814     0.17688947     0.07307937
  341     8.838338     0.17480302     0.09771745
  342     8.862863     0.17209652     0.11962671
  343     8.887387     0.16893544     0.13547160
  344     8.911912     0.16545177     0.14663275
  345     8.936436     0.16174325     0.15421216
  346     8.960961     0.15788781     0.15909543
  347     8.985485     0.15393977     0.16221325
  348     9.010010     0.14993140     0.16443596
  349     9.034535     0.14587434     0.16658701
  350     9.059059     0.14176047     0.16944054
  351     9.083584     0.13756344     0.17371051
  352     9.108108     0.13324013     0.18006356
  353     9.132633     0.12873150     0.18912719
  354     9.157157     0.12396362     0.20149327
  355     9.181682     0.11884844     0.21543435
  356     9.206206     0.11339677     0.22598782
  357     9.230731     0.10776395     0.23258959
  358     9.255255     0.10198847     0.23765358
  359     9.279780     0.09610727     0.24124420
  360     9.304304     0.09015567     0.24342929
  361     9.328829     0.08416730     0.24427985
  362     9.353353     0.07817398     0.24386970
  363     9.377878     0.07220572     0.24227517
  364     9.402402     0.06629061     0.23957476
  365     9.426927     0.06045481     0.23584879
  366     9.451451     0.05472245     0.23117906
  367     9.475976     0.04911569     0.22563344
  368     9.500501     0.04365535     0.21930656
  369     9.525025     0.03835891     0.21230058
  370     9.549550     0.03324221     0.20459734
  371     9.574074     0.02832361     0.19638316
  372     9.598599     0.02360980     0.18769091
  373     9.623123     0.01911755     0.17832904
  374     9.647648     0.01486293     0.16836043
  375     9.672172     0.01085963     0.15788266
  376     9.696697     0.00711894     0.14699378
  377     9.721221     0.00364972     0.13579211
  378     9.745746     0.00045846     0.12437609
  379     9.770270    -0.00245080     0.11284413
  380     9.794795    -0.00507644     0.10129456
  381     9.819319    -0.00741921     0.08982552
  382     9.843844    -0.00948229     0.07856447
  383     9.868368    -0.01127272     0.06564748
  384     9.892893    -0.01270224     0.05266405
  385     9.917417    -0.01385584     0.04337230
  386     9.941942    -0.01482961     0.03735256
  387     9.966466    -0.01568795     0.03370296
  388     9.990991    -0.01648271     0.03184768
  389    10.015516    -0.01725005     0.03115171
  390    10.040040    -0.01801067     0.03100578
  391    10.064565    -0.01877085     0.03084091
  392    10.089089    -0.01952339     0.03012585
  393    10.113614    -0.02024849     0.02836459
  394    10.138138    -0.02091464     0.02509405
  395    10.162663    -0.02147933     0.01987086
  396    10.187187    -0.02188929     0.01227601
  397    10.211712    -0.02208146     0.00197395
  398    10.236236    -0.02198611    -0.00746234
  399    10.260761    -0.02171544    -0.01391824
  400    10.285285    -0.02130343    -0.01931482
  401    10.309810    -0.02076806    -0.02399487
  402    10.334334    -0.02012651    -0.02799183
  403    10.358859    -0.01939509    -0.03134063
  404    10.383383    -0.01858928    -0.03407759
  405    10.407908    -0.01772362    -0.03624025
  406    10.432432    -0.01681173    -0.03786719
  407    10.456957    -0.01586627    -0.03899789
  408    10.481481    -0.01489892    -0.03967254
  409    10.506006    -0.01392037    -0.03993189
  410    10.530531    -0.01294030    -0.03979553
  411    10.555055    -0.01196844    -0.03924494
  412    10.579580    -0.01101537    -0.03830783
  413    10.604104    -0.01008947    -0.03710855
  414    10.628629    -0.00919523    -0.03572548
  415    10.653153    -0.00833717    -0.03402661
  416    10.677678    -0.00752626    -0.03191800
  417    10.702202    -0.00677163    -0.02945078
  418    10.726727    -0.00608173    -0.02666942
  419    10.751251    -0.00546352    -0.02363626
  420    10.775776    -0.00492239    -0.02041482
  421    10.800300    -0.00446219    -0.01706991
  422    10.824825    -0.00408513    -0.01366754
  423    10.849349    -0.00379181    -0.01027507
  424    10.873874    -0.00358115    -0.00696120
  425    10.898398    -0.00345037    -0.00329734
  426    10.922923    -0.00341942     0.00093488
  427    10.947447    -0.00349622     0.00413954
  428    10.971972    -0.00362246     0.00529786
  429    10.996496    -0.00375608     0.00501367
  430    11.021021    -0.00386837     0.00365308
  431    11.045546    -0.00393526     0.00151199
  432    11.070070    -0.00394253    -0.00104336
  433    11.094595    -0.00388408    -0.00368608
  434    11.119119    -0.00376173    -0.00610293
  435    11.143644    -0.00358474    -0.00800137
  436    11.168168    -0.00336927    -0.00910818
  437    11.192693    -0.00313799    -0.00916826
  438    11.217217    -0.00291958    -0.00794336
  439    11.241742    -0.00274838    -0.00521102
  440    11.266266    -0.00266398    -0.00174172
  441    11.290791    -0.00266295     0.00073088
  442    11.315315    -0.00269983     0.00215491
  443    11.339840    -0.00276864     0.00330037
  444    11.364364    -0.00286171     0.00414513
  445    11.388889    -0.00297196     0.00471968
  446    11.413413    -0.00309321     0.00505111
  447    11.437938    -0.00321971     0.00515649
  448    11.462462    -0.00334613     0.00505359
  449    11.486987    -0.00346758     0.00476082
  450    11.511512    -0.00357964     0.00429710
  451    11.536036    -0.00367835     0.00368175
  452    11.560561    -0.00376023     0.00293436
  453    11.585085    -0.00382228     0.00207467
  454    11.609610    -0.00386199     0.00112249
  455    11.634134    -0.00387734     0.00009757
  456    11.658659    -0.00386678    -0.00085825
  457    11.683183    -0.00383524    -0.00181095
  458    11.707708    -0.00377795    -0.00295398
  459    11.732232    -0.00369035    -0.00426362
  460    11.756757    -0.00356882    -0.00570114
  461    11.781281    -0.00341072    -0.00722674
  462    11.805806    -0.00321436    -0.00879961
  463    11.830330    -0.00297910    -0.01037782
  464    11.854855    -0.00270534    -0.01191833
  465    11.879379    -0.00239452    -0.01337685
  466    11.903904    -0.00204922    -0.01470781
  467    11.928428    -0.00167312    -0.01586427
  468    11.952953    -0.00127109    -0.01729732
  469    11.977477    -0.00082470    -0.01854809
  470    12.002002    -0.00036132    -0.01867116
  471    12.026527     0.00009110    -0.01796425
  472    12.051051     0.00051981    -0.01672470
  473    12.075576     0.00091143    -0.01501602
  474    12.100100     0.00125633    -0.01299135
  475    12.124625     0.00154865    -0.01080111
  476    12.149149     0.00178611    -0.00858639
  477    12.173674     0.00196980    -0.00652820
  478    12.198198     0.00210631    -0.00472303
  479    12.222723     0.00220146    -0.00318997
  480    12.247247     0.00226278    -0.00202908
  481    12.271772     0.00230099    -0.00136598
  482    12.296296     0.00232978    -0.00131865
  483    12.320821     0.00236566    -0.00101798
  484    12.345345     0.00237971    -0.00000894
  485    12.369870     0.00236610     0.00117756
  486    12.394394     0.00232195     0.00246778
  487    12.418919     0.00224506     0.00383386
  488    12.443443     0.00213391     0.00524844
  489    12.467968     0.00198763     0.00668469
  490    12.492492     0.00180603     0.00811636
  491    12.517017     0.00158953     0.00951778
  492    12.541542     0.00133919     0.01095911
  493    12.566066     0.00105200     0.01249368
  494    12.590591     0.00072639     0.01406700
  495    12.615115     0.00036202     0.01564642
  496    12.639640    -0.00004106     0.01721670
  497    12.664164    -0.00048244     0.01876277
  498    12.688689    -0.00096135     0.02022200
  499    12.713213    -0.00147431     0.02156008
  500    12.737738    -0.00201885     0.02288674
  501    12.762262    -0.00259688     0.02427650
  502    12.786787    -0.00320959     0.02570039
  503    12.811311    -0.00385746     0.02712874
  504    12.835836    -0.00454023     0.02853120
  505    12.860360    -0.00525689     0.02987671
  506    12.884885    -0.00600566     0.03113340
  507    12.909409    -0.00678395     0.03226858
  508    12.933934    -0.00758840     0.03324866
  509    12.958458    -0.00841477     0.03404385
  510    12.982983    -0.00925822     0.03475636
  511    13.007508    -0.01011954     0.03534483
  512    13.032032    -0.01099185     0.03541023
  513    13.056557    -0.01185637     0.03483480
  514    13.081081    -0.01270046     0.03384603
  515    13.105606    -0.01351649     0.03253853
  516    13.130130    -0.01429645     0.03094647
  517    13.154655    -0.01503438     0.02915162
  518    13.179179    -0.01572630     0.02723121
  519    13.203704    -0.01637005     0.02525827
  520    13.228228    -0.01696520     0.02330186
  521    13.252753    -0.01751298     0.02142740
  522    13.277277    -0.01801619     0.01969687
  523    13.301802    -0.01847910     0.01816908
  524    13.326326    -0.01890737     0.01689045
  525    13.350851    -0.01930756     0.01563057
  526    13.375375    -0.01967403     0.01404984
  527    13.399900    -0.01999669     0.01220457
  528    13.424424    -0.02027266     0.01024852
  529    13.448949    -0.02049937     0.00819415
  530    13.473473    -0.02067457     0.00605437
  531    13.497998    -0.02079633     0.00384241
  532    13.522523    -0.02086304     0.00157182
  533    13.547047    -0.02087343    -0.00074362
  534    13.571572    -0.02082656    -0.00309001
  535    13.596096    -0.02072186    -0.00545334
  536    13.620621    -0.02055908    -0.00781961
  537    13.645145    -0.02033832    -0.01017487
  538    13.669670    -0.02006001    -0.01250531
  539    13.694194    -0.01972495    -0.01479730
  540    13.718719    -0.01933422    -0.01703750
  541    13.743243    -0.01888927    -0.01913194
  542    13.767768    -0.01839582    -0.02112902
  543    13.792292    -0.01785291    -0.02315370
  544    13.816817    -0.01726015    -0.02518313
  545    13.841341    -0.01661770    -0.02719310
  546    13.865866    -0.01592635    -0.02915894
  547    13.890390    -0.01518749    -0.03105555
  548    13.914915    -0.01440311    -0.03285732
  549    13.939439    -0.01357587    -0.03453813
  550    13.963964    -0.01270905    -0.03607127
  551    13.988488    -0.01180660    -0.03742943
  552    14.013013    -0.01087317    -0.03858456
  553    14.037538    -0.00991407    -0.03967376
  554    14.062062    -0.00892721    -0.04052249
  555    14.086587    -0.00792648    -0.04081173
  556    14.111111    -0.00692543    -0.04072139
  557    14.135636    -0.00592913    -0.04037837
  558    14.160160    -0.00494491    -0.03976422
  559    14.184685    -0.00397874    -0.03893543
  560    14.209209    -0.00303517    -0.03793326
  561    14.233734    -0.00211815    -0.03679472
  562    14.258258    -0.00123042    -0.03556752
  563    14.282783    -0.00037359    -0.03429713
  564    14.307307     0.00045182    -0.03302689
  565    14.331832     0.00124635    -0.03179820
  566    14.356356     0.00201149    -0.03065060
  567    14.380881     0.00274973    -0.02962196
  568    14.405405     0.00346442    -0.02842319
  569    14.429930     0.00414386    -0.02692139
  570    14.454454     0.00478489    -0.02530246
  571    14.478979     0.00538492    -0.02358374
  572    14.503504     0.00594165    -0.02177766
  573    14.528028     0.00645309    -0.01989386
  574    14.552553     0.00691743    -0.01793152
  575    14.577077     0.00733262    -0.01589923
  576    14.601602     0.00769727    -0.01381587
  577    14.626126     0.00801027    -0.01169376
  578    14.650651     0.00827084    -0.00954527
  579    14.675175     0.00847846    -0.00738278
  580    14.699700     0.00863295    -0.00521859
  581    14.724224     0.00873443    -0.00306489
  582    14.748749     0.00878328    -0.00093368
  583    14.773273     0.00878022     0.00113281
  584    14.797798     0.00872772     0.00311706
  585    14.822322     0.00862733     0.00508161
  586    14.846847     0.00847847     0.00706054
  587    14.871371     0.00828102     0.00903430
  588    14.895896     0.00803535     0.01098311
  589    14.920420     0.00774231     0.01288690
  590    14.944945     0.00740326     0.01472534
  591    14.969469     0.00702005     0.01646939
  592    14.993994     0.00659545     0.01809966
  593    15.018519     0.00613228     0.01961476
  594    15.043043     0.00563337     0.02100027
  595    15.067568     0.00510223     0.02230747
  596    15.092092     0.00453921     0.02351508
  597    15.116617     0.00394884     0.02439141
  598    15.141141     0.00334283     0.02486530
  599    15.165666     0.00272922     0.02505862
  600    15.190190     0.00211373     0.02501457
  601    15.214715     0.00150228     0.02475052
  602    15.239239     0.00089974     0.02430876
  603    15.263764     0.00030996     0.02372947
  604    15.288288    -0.00026417     0.02305087
  605    15.312813    -0.00082066     0.02230937
  606    15.337337    -0.00135842     0.02155624
  607    15.361862    -0.00187798     0.02084455
  608    15.386386    -0.00238083     0.02020380
  609    15.410911    -0.00286895     0.01965959
  610    15.435435    -0.00334511     0.01908859
  611    15.459960    -0.00380523     0.01829425
  612    15.484484    -0.00424243     0.01730577
  613    15.509009    -0.00465406     0.01621404
  614    15.533534    -0.00503771     0.01502762
  615    15.558058    -0.00539115     0.01375546
  616    15.582583    -0.00571240     0.01240677
  617    15.607107    -0.00599969     0.01099104
  618    15.631632    -0.00625150     0.00951796
  619    15.656156    -0.00646654     0.00799738
  620    15.680681    -0.00664377     0.00643923
  621    15.705205    -0.00678238     0.00485352
  622    15.729730    -0.00688183     0.00325026
  623    15.754254    -0.00694180     0.00163938
  624    15.778779    -0.00696224     0.00003075
  625    15.803303    -0.00694331    -0.00156410
  626    15.827828    -0.00688552    -0.00309694
  627    15.852352    -0.00679141    -0.00459205
  628    15.876877    -0.00666028    -0.00610789
  629    15.901401    -0.00649182    -0.00762950
  630    15.925926    -0.00628606    -0.00914178
  631    15.950450    -0.00604343    -0.01062948
  632    15.974975    -0.00576470    -0.01207721
  633    15.999499    -0.00545105    -0.01346943
  634    16.024024    -0.00510404    -0.01479042
  635    16.048549    -0.00472559    -0.01602428
  636    16.073073    -0.00431806    -0.01715493
  637    16.097598    -0.00388416    -0.01816909
  638    16.122122    -0.00342688    -0.01918239
  639    16.146647    -0.00294328    -0.02005080
  640    16.171171    -0.00244341    -0.02053636
  641    16.195696    -0.00193599    -0.02075099
  642    16.220220    -0.00142559    -0.02075994
  643    16.244745    -0.00091774    -0.02056596
  644    16.269269    -0.00041685    -0.02021299
  645    16.293794     0.00007369    -0.01974255
  646    16.318318     0.00055150    -0.01919393
  647    16.342843     0.00101513    -0.01860430
  648    16.367367     0.00146402    -0.01800890
  649    16.391892     0.00189845    -0.01744113
  650    16.416416     0.00231949    -0.01693273
  651    16.440941     0.00272899    -0.01651386
  652    16.465465     0.00312948    -0.01620719
  653    16.489990     0.00352393    -0.01577236
  654    16.514515     0.00390310    -0.01510966
  655    16.539039     0.00426505    -0.01436027
  656    16.563564     0.00460746    -0.01352043
  657    16.588088     0.00492821    -0.01260053
  658    16.612613     0.00522550    -0.01161091
  659    16.637137     0.00549772    -0.01055883
  660    16.661662     0.00574341    -0.00945175
  661    16.686186     0.00596132    -0.00829728
  662    16.710711     0.00615038    -0.00710314
  663    16.735235     0.00630972    -0.00587714
  664    16.759760     0.00643865    -0.00462709
  665    16.784284     0.00653667    -0.00336083
  666    16.808809     0.00660349    -0.00208614
  667    16.833333     0.00663900    -0.00081072
  668    16.857858     0.00664326     0.00044193
  669    16.882382     0.00661732     0.00166406
  670    16.906907     0.00656164     0.00288476
  671    16.931431     0.00647582     0.00411563
  672    16.955956     0.00635977     0.00534550
  673    16.980480     0.00621363     0.00656310
  674    17.005005     0.00603786     0.00775712
  675    17.029530     0.00583315     0.00891617
  676    17.054054     0.00560053     0.01002880
  677    17.078579     0.00534125     0.01108347
  678    17.103103     0.00505689     0.01206856
  679    17.127628     0.00474930     0.01297236
  680    17.152152     0.00442061     0.01385031
  681    17.176677     0.00406995     0.01468345
  682    17.201201     0.00370040     0.01529588
  683    17.225726     0.00331971     0.01563914
  684    17.250250     0.00293332     0.01578761
  685    17.274775     0.00254534     0.01577565
  686    17.299299     0.00215953     0.01562824
  687    17.323824     0.00177879     0.01537984
  688    17.348348     0.00140517     0.01506295
  689    17.372873     0.00103997     0.01470831
  690    17.397397     0.00068374     0.01434497
  691    17.421922     0.00033636     0.01400041
  692    17.446446    -0.00000297     0.01370068
  693    17.470971    -0.00033565     0.01347047
  694    17.495495    -0.00066368     0.01333322
  695    17.520020    -0.00098963     0.01317922
  696    17.544545    -0.00131011     0.01286003
  697    17.569069    -0.00162040     0.01240831
  698    17.593594    -0.00191873     0.01188640
  699    17.618118    -0.00220342     0.01129912
  700    17.642643    -0.00247294     0.01065156
  701    17.667167    -0.00272587     0.00994898
  702    17.691692    -0.00296092     0.00919682
  703    17.716216    -0.00317696     0.00840066
  704    17.740741    -0.00337297     0.00756620
  705    17.765265    -0.00354808     0.00669920
  706    17.789790    -0.00370156     0.00580549
  707    17.814314    -0.00383283     0.00489093
  708    17.838839    -0.00394145     0.00396136
  709    17.863363    -0.00402713     0.00302258
  710    17.887888    -0.00408971     0.00208208
  711    17.912412    -0.00412926     0.00116113
  712    17.936937    -0.00414666     0.00024946
  713    17.961461    -0.00414149    -0.00067587
  714    17.985986    -0.00411351    -0.00160683
  715    18.010511    -0.00406268    -0.00253535
  716    18.035035    -0.00398915    -0.00345331
  717    18.059560    -0.00389330    -0.00435261
  718    18.084084    -0.00377566    -0.00522508
  719    18.108609    -0.00363701    -0.00606255
  720    18.133133    -0.00347830    -0.00685681
  721    18.157658    -0.00330069    -0.00759961
  722    18.182182    -0.00310555    -0.00828996
  723    18.206707    -0.00289408    -0.00900269
  724    18.231231    -0.00266397    -0.00963590
  725    18.255756    -0.00242144    -0.01003346
  726    18.280280    -0.00217184    -0.01025764
  727    18.304805    -0.00191832    -0.01035289
  728    18.329329    -0.00166404    -0.01033337
  729    18.353854    -0.00141147    -0.01022727
  730    18.378378    -0.00116240    -0.01006111
  731    18.402903    -0.00091799    -0.00985993
  732    18.427427    -0.00067878    -0.00964731
  733    18.451952    -0.00044480    -0.00944554
  734    18.476476    -0.00021549    -0.00927567
  735    18.501001     0.00001017    -0.00915759
  736    18.525526     0.00023368    -0.00911016
  737    18.550050     0.00045701    -0.00913694
  738    18.574575     0.00068184    -0.00907186
  739    18.599099     0.00090198    -0.00885230
  740    18.623624     0.00111604    -0.00857774
  741    18.648148     0.00132271    -0.00825144
  742    18.672673     0.00152076    -0.00787687
  743    18.697197     0.00170906    -0.00745764
  744    18.721722     0.00188655    -0.00699752
  745    18.746246     0.00205228    -0.00650039
  746    18.770771     0.00220539    -0.00597022
  747    18.795295     0.00234512    -0.00541109
  748    18.819820     0.00247080    -0.00482709
  749    18.844344     0.00258188    -0.00422238
  750    18.868869     0.00267790    -0.00360112
  751    18.893393     0.00275851    -0.00296748
  752    18.917918     0.00282345    -0.00232558
  753    18.942442     0.00287258    -0.00168613
  754    18.966967     0.00290616    -0.00105229
  755    18.991491     0.00292419    -0.00041363
  756    19.016016     0.00292645     0.00023210
  757    19.040541     0.00291281     0.00087949
  758    19.065065     0.00288331     0.00152315
  759    19.089590     0.00283810     0.00215768
  760    19.114114     0.00277747     0.00277771
  761    19.138639     0.00270186     0.00337785
  762    19.163163     0.00261179     0.00395275
  763    19.187688     0.00250798     0.00449709
  764    19.212212     0.00239122     0.00500553
  765    19.236737     0.00226246     0.00551877
  766    19.261261     0.00212053     0.00601981
  767    19.285786     0.00196719     0.00639754
  768    19.310310     0.00180673     0.00662542
  769    19.334835     0.00164222     0.00674125
  770    19.359359     0.00147608     0.00676643
  771    19.383884     0.00131034     0.00671963
  772    19.408408     0.00114649     0.00662209
  773    19.432933     0.00098553     0.00649377
  774    19.457457     0.00082798     0.00635349
  775    19.481982     0.00067390     0.00621893
  776    19.506507     0.00052294     0.00610679
  777    19.531031     0.00037437     0.00603279
  778    19.555556     0.00022704     0.00601178
  779    19.580080     0.00007949     0.00605779
  780    19.604605    -0.00007009     0.00609380
  781    19.629129    -0.00021940     0.00602989
  782    19.653654    -0.00036585     0.00589310
  783    19.678178    -0.00050845     0.00571763
  784    19.702703    -0.00064629     0.00550574
  785    19.727227    -0.00077850     0.00525982
  786    19.751752    -0.00090428     0.00498238
  787    19.776276    -0.00102288     0.00467601
  788    19.800801    -0.00113364     0.00434338
  789    19.825325    -0.00123592     0.00398724
  790    19.849850    -0.00132921     0.00361038
  791    19.874374    -0.00141301     0.00321563
  792    19.898899    -0.00148693     0.00280585
  793    19.923423    -0.00155063     0.00238390
  794    19.947948    -0.00160386     0.00195262
  795    19.972472    -0.00164641     0.00151559
  796    19.996997    -0.00167820     0.00107943
  797    20.021522    -0.00169935     0.00064233
  798    20.046046    -0.00170970     0.00019970
  799    20.070571    -0.00170915    -0.00024506
  800    20.095095    -0.00169768    -0.00068859
  801    20.119620    -0.00167537    -0.00112754
  802    20.144144    -0.00164238    -0.00155860
  803    20.168669    -0.00159893    -0.00197849
  804    20.193193    -0.00154533    -0.00238398
  805    20.217718    -0.00148199    -0.00277189
  806    20.242242    -0.00140937    -0.00313908
  807    20.266767    -0.00132802    -0.00348954
  808    20.291291    -0.00123822    -0.00386232
  809    20.315816    -0.00113858    -0.00419850
  810    20.340340    -0.00103228    -0.00441611
  811    20.364865    -0.00092198    -0.00454200
  812    20.389389    -0.00080950    -0.00459724
  813    20.413914    -0.00069648    -0.00459471
  814    20.438438    -0.00058414    -0.00455034
  815    20.462963    -0.00047329    -0.00447907
  816    20.487487    -0.00036444    -0.00439496
  817    20.512012    -0.00025773    -0.00431121
  818    20.536537    -0.00015298    -0.00424026
  819    20.561061    -0.00004975    -0.00419378
  820    20.585586     0.00005272    -0.00418281
  821    20.610110     0.00015542    -0.00421771
  822    20.634635     0.00025959    -0.00429438
  823    20.659159     0.00036605    -0.00432019
  824    20.683684     0.00047150    -0.00426435
  825    20.708208     0.00057521    -0.00418023
  826    20.732733     0.00067653    -0.00406925
  827    20.757257     0.00077481    -0.00393289
  828    20.781782     0.00086944    -0.00377272
  829    20.806306     0.00095986    -0.00359041
  830    20.830831     0.00104554    -0.00338764
  831    20.855355     0.00112602    -0.00316620
  832    20.879880     0.00120084    -0.00292787
  833    20.904404     0.00126963    -0.00267452
  834    20.928929     0.00133202    -0.00240799
  835    20.953453     0.00138774    -0.00213018
  836    20.977978     0.00143651    -0.00184297
  837    21.002503     0.00147813    -0.00154825
  838    21.027027     0.00151245    -0.00124877
  839    21.051552     0.00153938    -0.00094615
  840    21.076076     0.00155886    -0.00064039
  841    21.100601     0.00157079    -0.00033265
  842    21.125125     0.00157517    -0.00002487
  843    21.149650     0.00157201     0.00028103
  844    21.174174     0.00156139     0.00058319
  845    21.198699     0.00154341     0.00087978
  846    21.223223     0.00151823     0.00116904
  847    21.247748     0.00148607     0.00144926
  848    21.272272     0.00144715     0.00171879
  849    21.296797     0.00140176     0.00197603
  850    21.321321     0.00135023     0.00224512
  851    21.345846     0.00129164     0.00251484
  852    21.370370     0.00122688     0.00272776
  853    21.394895     0.00115785     0.00287083
  854    21.419419     0.00108607     0.00295850
  855    21.443944     0.00101274     0.00300252
  856    21.468468     0.00093879     0.00301390
  857    21.492993     0.00086491     0.00300335
  858    21.517518     0.00079148     0.00298094
  859    21.542042     0.00071870     0.00295607
  860    21.566567     0.00064649     0.00293761
  861    21.591091     0.00057461     0.00293385
  862    21.615616     0.00050259     0.00295261
  863    21.640140     0.00042979     0.00300121
  864    21.664665     0.00035538     0.00308656
  865    21.689189     0.00027839     0.00316482
  866    21.713714     0.00020015     0.00319139
  867    21.738238     0.00012186     0.00318358
  868    21.762763     0.00004400     0.00315654
  869    21.787287    -0.00003297     0.00311108
  870    21.811812    -0.00010860     0.00304810
  871    21.836336    -0.00018247     0.00296851
  872    21.860861    -0.00025420     0.00287332
  873    21.885385    -0.00032341     0.00276353
  874    21.909910    -0.00038975     0.00264021
  875    21.934434    -0.00045291     0.00250444
  876    21.958959    -0.00051259     0.00235734
  877    21.983483    -0.00056853     0.00220003
  878    22.008008    -0.00062050     0.00203367
  879    22.032533    -0.00066828     0.00185939
  880    22.057057    -0.00071170     0.00167829
  881    22.081582    -0.00075060     0.00149128
  882    22.106106    -0.00078485     0.00129983
  883    22.130631    -0.00081436     0.00110551
  884    22.155155    -0.00083907     0.00090938
  885    22.179680    -0.00085896     0.00071246
  886    22.204204    -0.00087402     0.00051575
  887    22.228729    -0.00088426     0.00032019
  888    22.253253    -0.00088972     0.00012669
  889    22.277778    -0.00089047    -0.00006387
  890    22.302302    -0.00088659    -0.00025068
  891    22.326827    -0.00087817    -0.00043298
  892    22.351351    -0.00086535    -0.00061480
  893    22.375876    -0.00084802    -0.00081286
  894    22.400400    -0.00082548    -0.00099891
  895    22.424925    -0.00079902    -0.00113695
  896    22.449449    -0.00076971    -0.00123549
  897    22.473974    -0.00073842    -0.00130280
  898    22.498498    -0.00070581    -0.00134702
  899    22.523023    -0.00067235    -0.00137553
  900    22.547548    -0.00063834    -0.00139522
  901    22.572072    -0.00060392    -0.00141255
  902    22.596597    -0.00056906    -0.00143356
  903    22.621121    -0.00053360    -0.00146391
  904    22.645646    -0.00049726    -0.00150888
  905    22.670170    -0.00045960    -0.00157342
  906    22.694695    -0.00042008    -0.00166218
  907    22.719219    -0.00037807    -0.00177020
  908    22.743744    -0.00033326    -0.00185457
  909    22.768268    -0.00028710    -0.00190297
  910    22.792793    -0.00023992    -0.00193896
  911    22.817317    -0.00019200    -0.00196289
  912    22.841842    -0.00014364    -0.00197514
  913    22.866366    -0.00009512    -0.00197612
  914    22.890891    -0.00004671    -0.00196629
  915    22.915415     0.00000133    -0.00194613
  916    22.939940     0.00004874    -0.00191613
  917    22.964464     0.00009531    -0.00187683
  918    22.988989     0.00014080    -0.00182878
  919    23.013514     0.00018501    -0.00177254
  920    23.038038     0.00022774    -0.00170867
  921    23.062563     0.00026882    -0.00163779
  922    23.087087     0.00030807    -0.00156047
  923    23.111612     0.00034536    -0.00147732
  924    23.136136     0.00038053    -0.00138894
  925    23.160661     0.00041348    -0.00129594
  926    23.185185     0.00044410    -0.00119891
  927    23.209710     0.00047229    -0.00109845
  928    23.234234     0.00049798    -0.00099515
  929    23.258759     0.00052110    -0.00088957
  930    23.283283     0.00054161    -0.00078229
  931    23.307808     0.00055947    -0.00067384
  932    23.332332     0.00057466    -0.00056477
  933    23.356857     0.00058717    -0.00045558
  934    23.381381     0.00059701    -0.00034677
  935    23.405906     0.00060418    -0.00022651
  936    23.430430     0.00060812    -0.00010127
  937    23.454955     0.00060915     0.00000287
  938    23.479479     0.00060798     0.00008133
  939    23.504004     0.00060516     0.00013983
  940    23.528529     0.00060112     0.00018372
  941    23.553053     0.00059615     0.00021797
  942    23.577578     0.00059043     0.00024722
  943    23.602102     0.00058402     0.00027583
  944    23.626627     0.00057690     0.00030781
  945    23.651151     0.00056892     0.00034694
  946    23.675676     0.00055988     0.00039671
  947    23.700200     0.00054947     0.00046041
  948    23.724725     0.00053730     0.00054106
  949    23.749249     0.00052293     0.00064150
  950    23.773774     0.00050583     0.00074026
  951    23.798298     0.00048662     0.00081809
  952    23.822823     0.00046571     0.00088410
  953    23.847347     0.00044325     0.00094381
  954    23.871872     0.00041941     0.00099732
  955    23.896396     0.00039434     0.00104471
  956    23.920921     0.00036817     0.00108613
  957    23.945445     0.00034106     0.00112169
  958    23.969970     0.00031315     0.00115156
  959    23.994494     0.00028458     0.00117590
  960    24.019019     0.00025548     0.00119489
  961    24.043544     0.00022597     0.00120871
  962    24.068068     0.00019619     0.00121756
  963    24.092593     0.00016625     0.00122165
  964    24.117117     0.00013627     0.00122120
  965    24.141642     0.00010635     0.00121643
  966    24.166166     0.00007660     0.00120756
  967    24.190691     0.00004712     0.00119482
  968    24.215215     0.00001800     0.00117845
  969    24.239740    -0.00001068     0.00115868
  970    24.264264    -0.00003883     0.00113575
  971    24.288789    -0.00006639     0.00110990
  972    24.313313    -0.00009327     0.00108135
  973    24.337838    -0.00011943     0.00105035
  974    24.362362    -0.00014479     0.00101712
  975    24.386887    -0.00016931     0.00098189
  976    24.411411    -0.00019295     0.00094488
  977    24.435936    -0.00021566     0.00090398
  978    24.460460    -0.00023729     0.00085377
  979    24.484985    -0.00025754     0.00080544
  980    24.509510    -0.00027680     0.00077157
  981    24.534034    -0.00029538     0.00074869
  982    24.558559    -0.00031352     0.00073359
  983    24.583083    -0.00033136     0.00072328
  984    24.607608    -0.00034900     0.00071496
  985    24.632132    -0.00036643     0.00070603
  986    24.656657    -0.00038363     0.00069410
  987    24.681181    -0.00040048     0.00067690
  988    24.705706    -0.00041683     0.00065238
  989    24.730230    -0.00043247     0.00061859
  990    24.754755    -0.00044717     0.00057376
  991    24.779279    -0.00046062     0.00051621
  992    24.803804    -0.00047249     0.00044899
  993    24.828328    -0.00048264     0.00038809
  994    24.852853    -0.00049152     0.00033736
  995    24.877377    -0.00049919     0.00028850
  996    24.901902    -0.00050567     0.00024146
  997    24.926426    -0.00051103     0.00019623
  998    24.950951    -0.00051530     0.00015281
  999    24.975475    -0.00051853     0.00011122
 1000    25.000000    -0.00052075     0.00009087
