#aqueous Edge_edge

Edge_Edge
N 1000 R 0.5 25

    1     0.500000    78.29216243    75.90652966
    2     0.524525    76.43059088    75.11034064
    3     0.549049    74.60807165    73.51926150
    4     0.573574    72.82454102    71.93078020
    5     0.598098    71.07993528    70.34489672
    6     0.622623    69.37419073    68.76161108
    7     0.647147    67.70724365    67.18092327
    8     0.671672    66.07903033    65.59668589
    9     0.696196    64.48978859    64.01205006
   10     0.720721    62.93930015    62.43268382
   11     0.745245    61.42752481    60.85718156
   12     0.769770    59.95431326    59.29018626
   13     0.794294    58.51939756    57.73674517
   14     0.818819    57.12238082    56.20234628
   15     0.843343    55.76272592    54.69295669
   16     0.867868    54.43974330    53.21506278
   17     0.892392    53.15257770    51.77571230
   18     0.916917    51.90019385    50.38255840
   19     0.941441    50.68136112    49.04390572
   20     0.965966    49.49463691    47.73707443
   21     0.990490    48.33990301    46.43449769
   22     1.015015    47.21706896    45.14340718
   23     1.039540    46.12566182    43.87142725
   24     1.064064    45.06521717    42.61829983
   25     1.088589    44.03527474    41.38383550
   26     1.113113    43.03537939    40.16736400
   27     1.137638    42.06510373    38.96816811
   28     1.162162    41.12402780    37.78594971
   29     1.186687    40.21173883    36.62042210
   30     1.211211    39.32783092    35.47131257
   31     1.235736    38.47190468    34.33836489
   32     1.260260    37.64356678    33.22134185
   33     1.284785    36.84242946    32.12002782
   34     1.309309    36.06810996    31.03423123
   35     1.333834    35.32022993    29.96378717
   36     1.358358    34.59841469    28.90855984
   37     1.382883    33.90229256    27.86844511
   38     1.407407    33.23149396    26.84337297
   39     1.431932    32.58565064    25.83313363
   40     1.456456    31.96440332    24.83717357
   41     1.480981    31.36741090    23.85529568
   42     1.505506    30.79432376    22.88765328
   43     1.530030    30.24479327    21.93422486
   44     1.554555    29.71847089    20.99502456
   45     1.579079    29.21500728    20.07010340
   46     1.603604    28.73405140    19.15955033
   47     1.628128    28.27524955    18.26342853
   48     1.652653    27.83824760    17.38165851
   49     1.677177    27.42269573    16.51477701
   50     1.701702    27.02821349    15.66352040
   51     1.726226    26.65441495    14.82812858
   52     1.750751    26.30090788    14.00887681
   53     1.775275    25.96729287    13.20607490
   54     1.799800    25.65316247    12.42006597
   55     1.824324    25.35810044    11.65122499
   56     1.848849    25.08168096    10.89995697
   57     1.873373    24.82346792    10.16669476
   58     1.897898    24.58301425     9.45189660
   59     1.922422    24.35986138     8.75604326
   60     1.946947    24.15353866     8.07963484
   61     1.971471    23.96356297     7.42318728
   62     1.995996    23.78943838     6.78735513
   63     2.020521    23.63064966     6.17333414
   64     2.045045    23.48664221     5.58200413
   65     2.069570    23.35685766     5.01322748
   66     2.094094    23.24074817     4.46758175
   67     2.118619    23.13772703     3.94714616
   68     2.143143    23.04714441     3.45348501
   69     2.167668    22.96833687     2.98714033
   70     2.192192    22.90062801     2.54862514
   71     2.216717    22.84332923     2.13841679
   72     2.241241    22.79574070     1.75695011
   73     2.265766    22.75715250     1.40461032
   74     2.290290    22.72684590     1.08172594
   75     2.314815    22.70409487     0.78856146
   76     2.339339    22.68816771     0.52531011
   77     2.363864    22.67832891     0.29208647
   78     2.388388    22.67384115     0.08891919
   79     2.412913    22.67396751    -0.08425622
   80     2.437437    22.67797384    -0.22649115
   81     2.461962    22.68507668    -0.33625639
   82     2.486486    22.69446689    -0.41350687
   83     2.511011    22.70535880    -0.45873308
   84     2.535536    22.71696731    -0.47200155
   85     2.560060    22.72851003    -0.45346783
   86     2.584585    22.73920948    -0.40337952
   87     2.609109    22.74829541    -0.32207864
   88     2.633634    22.75500713    -0.21000360
   89     2.658158    22.75859589    -0.06769059
   90     2.682683    22.75832729     0.10590450
   91     2.707207    22.75340137     0.30950366
   92     2.731732    22.74314643     0.53891566
   93     2.756256    22.72696807     0.79223523
   94     2.780781    22.70428804     1.06877314
   95     2.805305    22.67454577     1.36777952
   96     2.829830    22.63719976     1.68844944
   97     2.854354    22.59172893     2.02992931
   98     2.878879    22.53763366     2.39132407
   99     2.903403    22.47443676     2.77170510
  100     2.927928    22.40168416     3.17011892
  101     2.952452    22.31894544     3.58559659
  102     2.976977    22.22581406     4.01716378
  103     3.001502    22.12190737     4.46385158
  104     3.026026    22.00686638     4.92470782
  105     3.050551    21.88035514     5.39551586
  106     3.075075    21.74222146     5.87188744
  107     3.099600    21.59234464     6.35288838
  108     3.124124    21.43061832     6.83727529
  109     3.148649    21.25698279     7.32314435
  110     3.173173    21.07142506     7.80859322
  111     3.197698    20.87397872     8.29172974
  112     3.222222    20.66472360     8.77068066
  113     3.246747    20.44378517     9.24360027
  114     3.271271    20.21133380     9.70867886
  115     3.295796    19.96758371    10.16415106
  116     3.320320    19.71279185    10.60830394
  117     3.344845    19.44725649    11.03948473
  118     3.369369    19.17131562    11.45610830
  119     3.393894    18.88534527    11.85666420
  120     3.418418    18.58975752    12.23972322
  121     3.442943    18.28499849    12.60394352
  122     3.467467    17.97154608    12.94807622
  123     3.491992    17.64990766    13.27097047
  124     3.516517    17.32061760    13.57157781
  125     3.541041    16.98423467    13.84895613
  126     3.565566    16.64133947    14.10227278
  127     3.590090    16.29253160    14.33080724
  128     3.614615    15.93842700    14.53395294
  129     3.639139    15.57965503    14.71121862
  130     3.663664    15.21685572    14.86222888
  131     3.688188    14.85067684    14.98672414
  132     3.712713    14.48177115    15.08459490
  133     3.737237    14.11079181    15.15590172
  134     3.761762    13.73838858    15.20057958
  135     3.786286    13.36521783    15.21862637
  136     3.810811    12.99192943    15.21035973
  137     3.835335    12.61916415    15.17620209
  138     3.859860    12.24755115    15.11667679
  139     3.884384    11.87770553    15.03240373
  140     3.908909    11.51022604    14.92409461
  141     3.933433    11.14569288    14.79254778
  142     3.957958    10.78466564    14.63864285
  143     3.982482    10.42768137    14.46333491
  144     4.007007    10.07525282    14.26764860
  145     4.031532     9.72786678    14.05267197
  146     4.056056     9.38598262    13.81955016
  147     4.080581     9.05003098    13.56925458
  148     4.105105     8.72042359    13.30286231
  149     4.129630     8.39753824    13.02178736
  150     4.154154     8.08171730    12.72736644
  151     4.178679     7.77327302    12.42083540
  152     4.203203     7.47248714    12.10344081
  153     4.227728     7.17961075    11.77643336
  154     4.252252     6.89486428    11.44296322
  155     4.276777     6.61834429    11.10316243
  156     4.301301     6.35026472    10.75442017
  157     4.325826     6.09085021    10.39759583
  158     4.350350     5.84027253    10.03479294
  159     4.374875     5.59865316     9.66801157
  160     4.399399     5.36606576     9.29914811
  161     4.423924     5.14253878     8.92999513
  162     4.448448     4.92805799     8.56254745
  163     4.472973     4.72255397     8.19859787
  164     4.497497     4.52592456     7.83956213
  165     4.522022     4.33803091     7.48689184
  166     4.546547     4.15869963     7.14194754
  167     4.571071     3.98772517     6.80599444
  168     4.595596     3.82487208     6.48020359
  169     4.620120     3.66987735     6.16192277
  170     4.644645     3.52263563     5.84913042
  171     4.669169     3.38298306     5.54400113
  172     4.693694     3.25070764     5.24778070
  173     4.718218     3.12558441     4.96096693
  174     4.742743     3.00737693     4.68399667
  175     4.767267     2.89583883     4.41613904
  176     4.791792     2.79076951     4.15817087
  177     4.816316     2.69188450     3.91243325
  178     4.840841     2.59886838     3.67959190
  179     4.865365     2.51140402     3.45967328
  180     4.889890     2.42917470     3.25261483
  181     4.914414     2.35186635     3.05826562
  182     4.938939     2.27916968     2.87638697
  183     4.963463     2.21078231     2.70665306
  184     4.987988     2.14641092     2.54865151
  185     5.012513     2.08577337     2.40188389
  186     5.037037     2.02860080     2.26576616
  187     5.061562     1.97463970     2.13964854
  188     5.086086     1.92365307     2.02284895
  189     5.110611     1.87542088     1.91442998
  190     5.135135     1.82975210     1.81549519
  191     5.159660     1.78637257     1.72716366
  192     5.184184     1.74503637     1.64841178
  193     5.208709     1.70551954     1.57861662
  194     5.233233     1.66760672     1.51741997
  195     5.257758     1.63109153     1.46445093
  196     5.282282     1.59577680     1.42564021
  197     5.306807     1.56116523     1.41134112
  198     5.331331     1.52655186     1.39524670
  199     5.355856     1.49272971     1.35112072
  200     5.380380     1.46028067     1.28722765
  201     5.404905     1.42959242     1.21116400
  202     5.429429     1.40087423     1.12986583
  203     5.453954     1.37417357     1.04953391
  204     5.478478     1.34939559     0.97592695
  205     5.503003     1.32630529     0.91443763
  206     5.527528     1.30454329     0.86991444
  207     5.552052     1.28363681     0.84677667
  208     5.576577     1.26300970     0.84904732
  209     5.601101     1.24199185     0.88038416
  210     5.625626     1.21982770     0.94410878
  211     5.650150     1.19568421     1.03085347
  212     5.674675     1.16926531     1.10508264
  213     5.699199     1.14148095     1.16008757
  214     5.723724     1.11236412     1.21367644
  215     5.748248     1.08195128     1.26571224
  216     5.772773     1.05028214     1.31633006
  217     5.797297     1.01738654     1.36531398
  218     5.821822     0.98331479     1.41228972
  219     5.846346     0.94811507     1.45678571
  220     5.870871     0.91186083     1.49835335
  221     5.895395     0.87462227     1.53706174
  222     5.919920     0.83646942     1.57290822
  223     5.944444     0.79747261     1.60593334
  224     5.968969     0.75769992     1.63623388
  225     5.993493     0.71721690     1.66391590
  226     6.018018     0.67608642     1.68909545
  227     6.042543     0.63436837     1.71189939
  228     6.067067     0.59211939     1.73246617
  229     6.091592     0.54939256     1.75094662
  230     6.116116     0.50623712     1.76750478
  231     6.140641     0.46269813     1.78180157
  232     6.165165     0.41884145     1.79349989
  233     6.189690     0.37472866     1.80230126
  234     6.214214     0.33044028     1.80810819
  235     6.238739     0.28604268     1.81115669
  236     6.263263     0.24160477     1.81138286
  237     6.287788     0.19719607     1.80880552
  238     6.312312     0.15288458     1.80346312
  239     6.336837     0.10873792     1.79510853
  240     6.361361     0.06483621     1.78393933
  241     6.385886     0.02123739     1.77049442
  242     6.410410    -0.02200485     1.75481244
  243     6.434935    -0.06483449     1.73680466
  244     6.459459    -0.10719347     1.71639513
  245     6.483984    -0.14902204     1.69352004
  246     6.508509    -0.19025902     1.66812722
  247     6.533033    -0.23084209     1.64017556
  248     6.557558    -0.27070807     1.60963463
  249     6.582082    -0.30979314     1.57648425
  250     6.606607    -0.34803312     1.54071409
  251     6.631131    -0.38536370     1.50232340
  252     6.655656    -0.42172066     1.46132061
  253     6.680180    -0.45704009     1.41772315
  254     6.704705    -0.49125863     1.37207669
  255     6.729229    -0.52433915     1.32479169
  256     6.753754    -0.55623840     1.27557965
  257     6.778278    -0.58690511     1.22367538
  258     6.802803    -0.61625852     1.17021677
  259     6.827327    -0.64430313     1.11678430
  260     6.851852    -0.67103572     1.06412202
  261     6.876376    -0.69649731     1.01143708
  262     6.900901    -0.72064575     0.95655701
  263     6.925425    -0.74341552     0.89900018
  264     6.949950    -0.76474086     0.83878075
  265     6.974474    -0.78455692     0.77595833
  266     6.998999    -0.80280087     0.71063762
  267     7.023524    -0.81941302     0.64296830
  268     7.048048    -0.83433786     0.57314492
  269     7.072573    -0.84752523     0.50138221
  270     7.097097    -0.85893018     0.42796898
  271     7.121622    -0.86851670     0.35354971
  272     7.146146    -0.87627145     0.28040911
  273     7.170671    -0.88227050     0.20967116
  274     7.195195    -0.88655563     0.14093353
  275     7.219720    -0.88918316     0.07276396
  276     7.244244    -0.89012463     0.00401398
  277     7.268769    -0.88938004    -0.06444660
  278     7.293293    -0.88696358    -0.13226881
  279     7.317818    -0.88289238    -0.19933473
  280     7.342342    -0.87718641    -0.26552872
  281     7.366867    -0.86986845    -0.33001626
  282     7.391391    -0.86099942    -0.39187216
  283     7.415916    -0.85064749    -0.45357709
  284     7.440440    -0.83875190    -0.51722975
  285     7.464965    -0.82527786    -0.58184408
  286     7.489489    -0.81021300    -0.64655731
  287     7.514014    -0.79356484    -0.71057453
  288     7.538539    -0.77535999    -0.77314868
  289     7.563063    -0.75564263    -0.83359065
  290     7.587588    -0.73447316    -0.89126598
  291     7.612112    -0.71192689    -0.94559178
  292     7.636637    -0.68809279    -0.99603374
  293     7.661161    -0.66307238    -1.04210331
  294     7.685686    -0.63697861    -1.08335503
  295     7.710210    -0.60993484    -1.11938396
  296     7.734735    -0.58207389    -1.15123888
  297     7.759259    -0.55346767    -1.18215508
  298     7.783784    -0.52409031    -1.21250062
  299     7.808308    -0.49399567    -1.24063246
  300     7.832833    -0.46323847    -1.26651981
  301     7.857357    -0.43187408    -1.29013983
  302     7.881882    -0.39995833    -1.31176358
  303     7.906406    -0.36753332    -1.33171670
  304     7.930931    -0.33463890    -1.34910415
  305     7.955455    -0.30136105    -1.36304412
  306     7.979980    -0.26778288    -1.37366213
  307     8.004505    -0.23398422    -1.38110093
  308     8.029029    -0.20004119    -1.38552117
  309     8.053554    -0.16602573    -1.38710196
  310     8.078078    -0.13200516    -1.38604151
  311     8.102603    -0.09804171    -1.38255790
  312     8.127127    -0.06419201    -1.37688981
  313     8.151652    -0.03050657    -1.36929738
  314     8.176176     0.00297073    -1.36006309
  315     8.200701     0.03620323    -1.34949277
  316     8.225225     0.06916206    -1.33791606
  317     8.249750     0.10182674    -1.32512549
  318     8.274274     0.13415821    -1.31006576
  319     8.298799     0.16608422    -1.29259111
  320     8.323323     0.19755857    -1.27325971
  321     8.347848     0.22853640    -1.25212551
  322     8.372372     0.25897414    -1.22924293
  323     8.396897     0.28882959    -1.20466674
  324     8.421421     0.31806190    -1.17833282
  325     8.445946     0.34662570    -1.15038381
  326     8.470470     0.37448713    -1.12109728
  327     8.494995     0.40161445    -1.09051746
  328     8.519520     0.42797597    -1.05864776
  329     8.544044     0.45354012    -1.02549528
  330     8.568569     0.47827554    -0.99107049
  331     8.593093     0.50215118    -0.95538709
  332     8.617618     0.52513637    -0.91846177
  333     8.642142     0.54720086    -0.88031417
  334     8.666667     0.56831494    -0.84096673
  335     8.691191     0.58844948    -0.80044467
  336     8.715716     0.60757599    -0.75877594
  337     8.740240     0.62566672    -0.71599124
  338     8.764765     0.64269468    -0.67221089
  339     8.789289     0.65863802    -0.62768702
  340     8.813814     0.67348213    -0.58240499
  341     8.838338     0.68720443    -0.53623718
  342     8.862863     0.69978405    -0.48927465
  343     8.887387     0.71120289    -0.44162870
  344     8.911912     0.72144552    -0.39340853
  345     8.936436     0.73049920    -0.34484390
  346     8.960961     0.73835979    -0.29596970
  347     8.985485     0.74501623    -0.24667036
  348     9.010010     0.75045873    -0.19703303
  349     9.034535     0.75468052    -0.14718243
  350     9.059059     0.75767789    -0.09724110
  351     9.083584     0.75945010    -0.04729658
  352     9.108108     0.75999775     0.00247945
  353     9.132633     0.75932849     0.05204857
  354     9.157157     0.75744481     0.10148204
  355     9.181682     0.75435089     0.15061845
  356     9.206206     0.75005712     0.19926856
  357     9.230731     0.74457696     0.24730612
  358     9.255255     0.73792699     0.29460049
  359     9.279780     0.73012708     0.34101672
  360     9.304304     0.72120045     0.38665545
  361     9.328829     0.71116200     0.43156649
  362     9.353353     0.70003252     0.47557047
  363     9.377878     0.68783572     0.51856648
  364     9.402402     0.67459733     0.56047372
  365     9.426927     0.66034502     0.60120553
  366     9.451451     0.64510877     0.63996443
  367     9.475976     0.62895537     0.67617299
  368     9.500501     0.61194312     0.71179807
  369     9.525025     0.59404235     0.74826593
  370     9.549550     0.57524139     0.78486873
  371     9.574074     0.55554529     0.82095060
  372     9.598599     0.53497455     0.85590488
  373     9.623123     0.51356397     0.88917159
  374     9.647648     0.49136153     0.92023505
  375     9.672172     0.46842731     0.94862151
  376     9.696697     0.44483254     0.97389704
  377     9.721221     0.42065859     0.99566544
  378     9.745746     0.39599610     1.01356631
  379     9.770270     0.37094413     1.02735200
  380     9.794795     0.34560546     1.03667524
  381     9.819319     0.32009619     1.04235405
  382     9.843844     0.29447899     1.04675008
  383     9.868368     0.26875410     1.05001118
  384     9.892893     0.24297694     1.05103533
  385     9.917417     0.21720181     1.04989738
  386     9.941942     0.19148047     1.04666523
  387     9.966466     0.16586388     1.04144201
  388     9.990991     0.14039873     1.03432848
  389    10.015516     0.11513105     1.02516951
  390    10.040040     0.09011514     1.01383532
  391    10.064565     0.06540339     1.00040684
  392    10.089089     0.04104613     0.98497264
  393    10.113614     0.01709142     0.96762886
  394    10.138138    -0.00641514     0.94832451
  395    10.162663    -0.02942300     0.92705969
  396    10.187187    -0.05188654     0.90401216
  397    10.211712    -0.07376393     0.87931845
  398    10.236236    -0.09501627     0.85313809
  399    10.260761    -0.11560954     0.82566800
  400    10.285285    -0.13551450     0.79706537
  401    10.309810    -0.15470484     0.76747420
  402    10.334334    -0.17315838     0.73693130
  403    10.358859    -0.19085062     0.70530908
  404    10.383383    -0.20775312     0.67268610
  405    10.407908    -0.22384524     0.63927704
  406    10.432432    -0.23910905     0.60519384
  407    10.456957    -0.25352942     0.57054872
  408    10.481481    -0.26709392     0.53545358
  409    10.506006    -0.27979291     0.50036621
  410    10.530531    -0.29163641     0.46511809
  411    10.555055    -0.30260651     0.42919827
  412    10.579580    -0.31268818     0.39281658
  413    10.604104    -0.32187379     0.35615640
  414    10.628629    -0.33015731     0.31937244
  415    10.653153    -0.33753870     0.28270037
  416    10.677678    -0.34402350     0.24636097
  417    10.702202    -0.34962247     0.21056051
  418    10.726727    -0.35435129     0.17549122
  419    10.751251    -0.35823015     0.14133168
  420    10.775776    -0.36128347     0.10824727
  421    10.800300    -0.36353958     0.07639060
  422    10.824825    -0.36503036     0.04590191
  423    10.849349    -0.36579102     0.01690951
  424    10.873874    -0.36585975    -0.01114974
  425    10.898398    -0.36524414    -0.03856847
  426    10.922923    -0.36396801    -0.06496770
  427    10.947447    -0.36205753    -0.09035626
  428    10.971972    -0.35953612    -0.11472521
  429    10.996496    -0.35643037    -0.13799621
  430    11.021021    -0.35276754    -0.16025971
  431    11.045546    -0.34856978    -0.18142254
  432    11.070070    -0.34386893    -0.20126039
  433    11.094595    -0.33869815    -0.21975934
  434    11.119119    -0.33308995    -0.23695595
  435    11.143644    -0.32707569    -0.25288347
  436    11.168168    -0.32068625    -0.26756526
  437    11.192693    -0.31395187    -0.28103039
  438    11.217217    -0.30690198    -0.29331356
  439    11.241742    -0.29956512    -0.30445493
  440    11.266266    -0.29196875    -0.31450010
  441    11.290791    -0.28413919    -0.32349992
  442    11.315315    -0.27610139    -0.33151046
  443    11.339840    -0.26787891    -0.33859289
  444    11.364364    -0.25949373    -0.34481344
  445    11.388889    -0.25096614    -0.35001902
  446    11.413413    -0.24232563    -0.35412027
  447    11.437938    -0.23359688    -0.35725712
  448    11.462462    -0.22480251    -0.35949450
  449    11.486987    -0.21596402    -0.36086457
  450    11.511512    -0.20710245    -0.36139369
  451    11.536036    -0.19823800    -0.36060391
  452    11.560561    -0.18941517    -0.35832377
  453    11.585085    -0.18066256    -0.35608459
  454    11.609610    -0.17194956    -0.35487986
  455    11.634134    -0.16325604    -0.35429921
  456    11.658659    -0.15457152    -0.35396651
  457    11.683183    -0.14589432    -0.35353750
  458    11.707708    -0.13723084    -0.35269754
  459    11.732232    -0.12859484    -0.35115950
  460    11.756757    -0.12000680    -0.34867099
  461    11.781281    -0.11149286    -0.34501264
  462    11.805806    -0.10308426    -0.33992761
  463    11.830330    -0.09481973    -0.33317703
  464    11.854855    -0.08674224    -0.32459732
  465    11.879379    -0.07889854    -0.31404098
  466    11.903904    -0.07133883    -0.30238108
  467    11.928428    -0.06406704    -0.29130063
  468    11.952953    -0.05705081    -0.28081881
  469    11.977477    -0.05029314    -0.27022789
  470    12.002002    -0.04379639    -0.25955341
  471    12.026527    -0.03756230    -0.24881992
  472    12.051051    -0.03159201    -0.23808735
  473    12.075576    -0.02588434    -0.22741004
  474    12.100100    -0.02043776    -0.21670831
  475    12.124625    -0.01525500    -0.20588842
  476    12.149149    -0.01033913    -0.19491631
  477    12.173674    -0.00569454    -0.18381060
  478    12.198198    -0.00132340    -0.17263265
  479    12.222723     0.00277293    -0.16141580
  480    12.247247     0.00659389    -0.15019495
  481    12.271772     0.01013985    -0.13900674
  482    12.296296     0.01341204    -0.12788969
  483    12.320821     0.01641271    -0.11688431
  484    12.345345     0.01914511    -0.10603331
  485    12.369870     0.02161355    -0.09538171
  486    12.394394     0.02382349    -0.08497702
  487    12.418919     0.02578159    -0.07479810
  488    12.443443     0.02749226    -0.06473692
  489    12.467968     0.02895687    -0.05478568
  490    12.492492     0.03017945    -0.04500900
  491    12.517017     0.03116452    -0.03542340
  492    12.541542     0.03191693    -0.02604188
  493    12.566066     0.03244185    -0.01688729
  494    12.590591     0.03274524    -0.00868327
  495    12.615115     0.03286776    -0.00080402
  496    12.639640     0.03278468     0.00800443
  497    12.664164     0.03247515     0.01751398
  498    12.688689     0.03192563     0.02743802
  499    12.713213     0.03112934     0.03751210
  500    12.737738     0.03008570     0.04749248
  501    12.762262     0.02879988     0.05715487
  502    12.786787     0.02728231     0.06629316
  503    12.811311     0.02554826     0.07471824
  504    12.835836     0.02361745     0.08225689
  505    12.860360     0.02151364     0.08875073
  506    12.884885     0.01926431     0.09405519
  507    12.909409     0.01690032     0.09803858
  508    12.933934     0.01445561     0.10060108
  509    12.958458     0.01196593     0.10305693
  510    12.982983     0.00940077     0.10604394
  511    13.007508     0.00676458     0.10880409
  512    13.032032     0.00406403     0.11129074
  513    13.056557     0.00130587     0.11350022
  514    13.081081    -0.00150305     0.11543661
  515    13.105606    -0.00435618     0.11715453
  516    13.130130    -0.00724937     0.11859900
  517    13.154655    -0.01017335     0.11966716
  518    13.179179    -0.01311893     0.12036601
  519    13.203704    -0.01607719     0.12070845
  520    13.228228    -0.01903956     0.12070930
  521    13.252753    -0.02199786     0.12038538
  522    13.277277    -0.02494435     0.11975550
  523    13.301802    -0.02787176     0.11884055
  524    13.326326    -0.03077337     0.11766349
  525    13.350851    -0.03364304     0.11624944
  526    13.375375    -0.03647529     0.11462568
  527    13.399900    -0.03926532     0.11282176
  528    13.424424    -0.04200909     0.11086950
  529    13.448949    -0.04470336     0.10879006
  530    13.473473    -0.04734514     0.10649199
  531    13.497998    -0.04992670     0.10393644
  532    13.522523    -0.05244312     0.10118775
  533    13.547047    -0.05488986     0.09825824
  534    13.571572    -0.05726260     0.09515830
  535    13.596096    -0.05955728     0.09189843
  536    13.620621    -0.06177013     0.08842600
  537    13.645145    -0.06389449     0.08474160
  538    13.669670    -0.06592662     0.08102578
  539    13.694194    -0.06786873     0.07738034
  540    13.718719    -0.06972205     0.07376668
  541    13.743243    -0.07148692     0.07014981
  542    13.767768    -0.07316283     0.06652958
  543    13.792292    -0.07475013     0.06286185
  544    13.816817    -0.07624615     0.05905494
  545    13.841341    -0.07764672     0.05507534
  546    13.865866    -0.07894754     0.05091875
  547    13.890390    -0.08014423     0.04658178
  548    13.914915    -0.08123233     0.04206187
  549    13.939439    -0.08220733     0.03735720
  550    13.963964    -0.08306467     0.03246658
  551    13.988488    -0.08379978     0.02751333
  552    14.013013    -0.08441417     0.02268889
  553    14.037538    -0.08491265     0.01799468
  554    14.062062    -0.08529679     0.01337127
  555    14.086587    -0.08556850     0.00883191
  556    14.111111    -0.08572999     0.00438902
  557    14.135636    -0.08578378     0.00005805
  558    14.160160    -0.08573284    -0.00418362
  559    14.184685    -0.08557858    -0.00847030
  560    14.209209    -0.08531738    -0.01289266
  561    14.233734    -0.08494620    -0.01742678
  562    14.258258    -0.08446261    -0.02204695
  563    14.282783    -0.08386482    -0.02672556
  564    14.307307    -0.08315175    -0.03143285
  565    14.331832    -0.08232307    -0.03613680
  566    14.356356    -0.08137927    -0.04080288
  567    14.380881    -0.08032173    -0.04539387
  568    14.405405    -0.07915275    -0.04986962
  569    14.429930    -0.07787567    -0.05418687
  570    14.454454    -0.07649493    -0.05829898
  571    14.478979    -0.07501616    -0.06215571
  572    14.503504    -0.07344625    -0.06583154
  573    14.528028    -0.07178719    -0.06948921
  574    14.552553    -0.07003787    -0.07312710
  575    14.577077    -0.06820037    -0.07670806
  576    14.601602    -0.06627542    -0.08019245
  577    14.626126    -0.06426701    -0.08351955
  578    14.650651    -0.06217886    -0.08670009
  579    14.675175    -0.06001445    -0.08957706
  580    14.699700    -0.05778519    -0.09231125
  581    14.724224    -0.05548667    -0.09519631
  582    14.748749    -0.05311590    -0.09817522
  583    14.773273    -0.05067127    -0.10119453
  584    14.797798    -0.04815241    -0.10420477
  585    14.822322    -0.04556012    -0.10716025
  586    14.846847    -0.04289630    -0.11001885
  587    14.871371    -0.04016381    -0.11274176
  588    14.895896    -0.03736642    -0.11529331
  589    14.920420    -0.03450878    -0.11763512
  590    14.944945    -0.03159653    -0.11966777
  591    14.969469    -0.02863919    -0.12133504
  592    14.993994    -0.02564516    -0.12264505
  593    15.018519    -0.02262356    -0.12357155
  594    15.043043    -0.01958410    -0.12441769
  595    15.067568    -0.01652100    -0.12531772
  596    15.092092    -0.01343738    -0.12608922
  597    15.116617    -0.01033644    -0.12673062
  598    15.141141    -0.00722137    -0.12724101
  599    15.165666    -0.00409539    -0.12762245
  600    15.190190    -0.00096161    -0.12803003
  601    15.214715     0.00218436    -0.12834155
  602    15.239239     0.00533342    -0.12829242
  603    15.263764     0.00847698    -0.12790424
  604    15.288288     0.01160701    -0.12720094
  605    15.312813     0.01471607    -0.12620898
  606    15.337337     0.01779744    -0.12495746
  607    15.361862     0.02084511    -0.12347838
  608    15.386386     0.02385393    -0.12180677
  609    15.410911     0.02681962    -0.11998094
  610    15.435435     0.02973888    -0.11804269
  611    15.459960     0.03260950    -0.11603752
  612    15.484484     0.03543041    -0.11401490
  613    15.509009     0.03820182    -0.11202854
  614    15.533534     0.04092531    -0.11013139
  615    15.558058     0.04360366    -0.10807430
  616    15.582583     0.04622625    -0.10572853
  617    15.607107     0.04878955    -0.10324014
  618    15.631632     0.05129008    -0.10061046
  619    15.656156     0.05372440    -0.09784092
  620    15.680681     0.05608908    -0.09493296
  621    15.705205     0.05838077    -0.09194968
  622    15.729730     0.06059913    -0.08889017
  623    15.754254     0.06274075    -0.08559893
  624    15.778779     0.06479767    -0.08199743
  625    15.803303     0.06676264    -0.07814793
  626    15.827828     0.06863076    -0.07411563
  627    15.852352     0.07039794    -0.06993258
  628    15.876877     0.07206088    -0.06562857
  629    15.901401     0.07361696    -0.06123133
  630    15.925926     0.07506422    -0.05676668
  631    15.950450     0.07640131    -0.05225873
  632    15.974975     0.07762746    -0.04773002
  633    15.999499     0.07874243    -0.04320171
  634    16.024024     0.07974646    -0.03869369
  635    16.048549     0.08064031    -0.03422473
  636    16.073073     0.08142516    -0.02969192
  637    16.097598     0.08209667    -0.02494945
  638    16.122122     0.08264890    -0.02002885
  639    16.146647     0.08307907    -0.01502309
  640    16.171171     0.08338577    -0.00994760
  641    16.195696     0.08356699    -0.00479359
  642    16.220220     0.08362089     0.00041463
  643    16.244745     0.08354665     0.00566708
  644    16.269269     0.08334293     0.01099529
  645    16.293794     0.08300734     0.01641342
  646    16.318318     0.08253786     0.02190791
  647    16.342843     0.08193278     0.02746427
  648    16.367367     0.08119077     0.03306709
  649    16.391892     0.08031087     0.03869998
  650    16.416416     0.07929257     0.04434558
  651    16.440941     0.07813577     0.04998548
  652    16.465465     0.07684083     0.05560024
  653    16.489990     0.07540863     0.06116938
  654    16.514515     0.07384053     0.06667130
  655    16.539039     0.07213846     0.07208331
  656    16.563564     0.07030491     0.07738160
  657    16.588088     0.06834297     0.08257455
  658    16.612613     0.06625471     0.08768668
  659    16.637137     0.06404202     0.09270153
  660    16.661662     0.06170779     0.09759196
  661    16.686186     0.05925523     0.10234452
  662    16.710711     0.05668789     0.10694580
  663    16.735235     0.05400964     0.11137860
  664    16.759760     0.05122487     0.11555476
  665    16.784284     0.04834179     0.11953201
  666    16.808809     0.04536194     0.12343839
  667    16.833333     0.04228725     0.12724373
  668    16.857858     0.03912076     0.13090377
  669    16.882382     0.03586655     0.13437727
  670    16.906907     0.03252968     0.13762597
  671    16.931431     0.02911612     0.14061448
  672    16.955956     0.02563267     0.14331018
  673    16.980480     0.02208689     0.14568313
  674    17.005005     0.01848705     0.14770602
  675    17.029530     0.01484205     0.14935405
  676    17.054054     0.01116138     0.15060492
  677    17.078579     0.00745503     0.15143869
  678    17.103103     0.00373346     0.15184547
  679    17.127628     0.00000715     0.15196783
  680    17.152152    -0.00372042     0.15187782
  681    17.176677    -0.00744231     0.15149522
  682    17.201201    -0.01115112     0.15081104
  683    17.225726    -0.01483945     0.14982626
  684    17.250250    -0.01849995     0.14855324
  685    17.274775    -0.02212585     0.14713338
  686    17.299299    -0.02571671     0.14544476
  687    17.323824    -0.02925977     0.14324854
  688    17.348348    -0.03274291     0.14057196
  689    17.372873    -0.03615469     0.13744533
  690    17.397397    -0.03948447     0.13390219
  691    17.421922    -0.04272247     0.12997948
  692    17.446446    -0.04585984     0.12571762
  693    17.470971    -0.04888880     0.12116072
  694    17.495495    -0.05180266     0.11635673
  695    17.520020    -0.05459599     0.11135758
  696    17.544545    -0.05726465     0.10621939
  697    17.569069    -0.05980595     0.10100265
  698    17.593594    -0.06221873     0.09577239
  699    17.618118    -0.06450349     0.09057831
  700    17.642643    -0.06666151     0.08519625
  701    17.667167    -0.06868229     0.07952759
  702    17.691692    -0.07056226     0.07372127
  703    17.716216    -0.07229824     0.06779230
  704    17.740741    -0.07388741     0.06175581
  705    17.765265    -0.07532731     0.05563069
  706    17.789790    -0.07661604     0.04946505
  707    17.814314    -0.07775352     0.04325831
  708    17.838839    -0.07873782     0.03694239
  709    17.863363    -0.07956551     0.03050608
  710    17.887888    -0.08023412     0.02398738
  711    17.912412    -0.08074207     0.01742217
  712    17.936937    -0.08108866     0.01084420
  713    17.961461    -0.08127397     0.00428523
  714    17.985986    -0.08129884    -0.00222490
  715    18.010511    -0.08116484    -0.00865824
  716    18.035035    -0.08087416    -0.01498862
  717    18.059560    -0.08042966    -0.02119162
  718    18.084084    -0.07983474    -0.02724444
  719    18.108609    -0.07909335    -0.03312590
  720    18.133133    -0.07820994    -0.03882367
  721    18.157658    -0.07718908    -0.04439442
  722    18.182182    -0.07603244    -0.04989881
  723    18.206707    -0.07474159    -0.05530841
  724    18.231231    -0.07331961    -0.06058911
  725    18.255756    -0.07176975    -0.06573359
  726    18.280280    -0.07009544    -0.07073506
  727    18.304805    -0.06830027    -0.07560306
  728    18.329329    -0.06638718    -0.08033126
  729    18.353854    -0.06436009    -0.08487933
  730    18.378378    -0.06222393    -0.08922551
  731    18.402903    -0.05998367    -0.09336912
  732    18.427427    -0.05764427    -0.09731024
  733    18.451952    -0.05521069    -0.10104971
  734    18.476476    -0.05268788    -0.10458914
  735    18.501001    -0.05008070    -0.10793089
  736    18.525526    -0.04739397    -0.11107811
  737    18.550050    -0.04463242    -0.11403474
  738    18.574575    -0.04180067    -0.11680551
  739    18.599099    -0.03890322    -0.11939598
  740    18.623624    -0.03594441    -0.12181258
  741    18.648148    -0.03292843    -0.12406258
  742    18.672673    -0.02985926    -0.12612319
  743    18.697197    -0.02674221    -0.12796159
  744    18.721722    -0.02358287    -0.12958116
  745    18.746246    -0.02038637    -0.13099073
  746    18.770771    -0.01715790    -0.13218885
  747    18.795295    -0.01390264    -0.13317419
  748    18.819820    -0.01062583    -0.13393257
  749    18.844344    -0.00733337    -0.13436254
  750    18.868869    -0.00403547    -0.13458802
  751    18.893393    -0.00073196    -0.13479545
  752    18.917918     0.00257611    -0.13493606
  753    18.942442     0.00588653    -0.13496497
  754    18.966967     0.00919602    -0.13484100
  755    18.991491     0.01250035    -0.13452644
  756    19.016016     0.01579441    -0.13398688
  757    19.040541     0.01907228    -0.13319101
  758    19.065065     0.02232730    -0.13211044
  759    19.089590     0.02555217    -0.13071960
  760    19.114114     0.02873898    -0.12899549
  761    19.138639     0.03187928    -0.12691766
  762    19.163163     0.03496417    -0.12446799
  763    19.187688     0.03798431    -0.12165606
  764    19.212212     0.04093128    -0.11870036
  765    19.236737     0.04380645    -0.11568089
  766    19.261261     0.04660532    -0.11247908
  767    19.285786     0.04932345    -0.10909897
  768    19.310310     0.05195652    -0.10554519
  769    19.334835     0.05450034    -0.10183024
  770    19.359359     0.05695120    -0.09801034
  771    19.383884     0.05930765    -0.09403796
  772    19.408408     0.06156367    -0.08982705
  773    19.432933     0.06371358    -0.08539366
  774    19.457457     0.06575215    -0.08075526
  775    19.481982     0.06767455    -0.07593080
  776    19.506507     0.06947648    -0.07094079
  777    19.531031     0.07115413    -0.06580731
  778    19.555556     0.07270427    -0.06055409
  779    19.580080     0.07412425    -0.05520659
  780    19.604605     0.07541210    -0.04979201
  781    19.629129     0.07656650    -0.04433941
  782    19.653654     0.07758690    -0.03887970
  783    19.678178     0.07847351    -0.03344576
  784    19.702703     0.07922738    -0.02805825
  785    19.727227     0.07984974    -0.02263547
  786    19.751752     0.08033763    -0.01714972
  787    19.776276     0.08069092    -0.01166503
  788    19.800801     0.08090979    -0.00619416
  789    19.825325     0.08099474    -0.00074985
  790    19.849850     0.08094657     0.00465519
  791    19.874374     0.08076641     0.00991486
  792    19.898899     0.08046026     0.01504853
  793    19.923423     0.08002829     0.02025337
  794    19.947948     0.07946685     0.02557324
  795    19.972472     0.07877395     0.03094227
  796    19.996997     0.07794916     0.03629917
  797    20.021522     0.07699351     0.04158704
  798    20.046046     0.07590935     0.04675313
  799    20.070571     0.07470031     0.05174866
  800    20.095095     0.07337113     0.05652856
  801    20.119620     0.07192764     0.06105137
  802    20.144144     0.07037662     0.06527897
  803    20.168669     0.06872577     0.06917648
  804    20.193193     0.06698358     0.07271205
  805    20.217718     0.06515931     0.07585672
  806    20.242242     0.06326288     0.07876770
  807    20.266767     0.06129583     0.08161380
  808    20.291291     0.05925980     0.08433213
  809    20.315816     0.05715942     0.08686018
  810    20.340340     0.05499939     0.08919465
  811    20.364865     0.05278450     0.09133300
  812    20.389389     0.05051959     0.09327479
  813    20.413914     0.04820946     0.09501874
  814    20.438438     0.04585902     0.09656163
  815    20.462963     0.04347321     0.09790270
  816    20.487487     0.04105698     0.09904328
  817    20.512012     0.03861523     0.09998536
  818    20.536537     0.03615279     0.10073158
  819    20.561061     0.03367444     0.10128517
  820    20.585586     0.03118485     0.10164995
  821    20.610110     0.02868861     0.10183027
  822    20.634635     0.02619018     0.10183096
  823    20.659159     0.02369390     0.10165734
  824    20.683684     0.02120398     0.10131512
  825    20.708208     0.01872449     0.10081043
  826    20.732733     0.01625932     0.10014971
  827    20.757257     0.01381224     0.09933706
  828    20.781782     0.01138694     0.09837627
  829    20.806306     0.00898698     0.09727428
  830    20.830831     0.00661573     0.09603824
  831    20.855355     0.00427639     0.09467472
  832    20.879880     0.00197202     0.09319031
  833    20.904404    -0.00029450     0.09158706
  834    20.928929    -0.00252024     0.08985103
  835    20.953453    -0.00470161     0.08801928
  836    20.977978    -0.00683750     0.08613894
  837    21.002503    -0.00892665     0.08420519
  838    21.027027    -0.01096768     0.08221400
  839    21.051552    -0.01295916     0.08016201
  840    21.076076    -0.01489956     0.07804649
  841    21.100601    -0.01678727     0.07586524
  842    21.125125    -0.01862067     0.07361658
  843    21.149650    -0.02039809     0.07129925
  844    21.174174    -0.02211783     0.06891239
  845    21.198699    -0.02377818     0.06645548
  846    21.223223    -0.02537741     0.06392830
  847    21.247748    -0.02691380     0.06133093
  848    21.272272    -0.02838564     0.05867265
  849    21.296797    -0.02979164     0.05600676
  850    21.321321    -0.03113271     0.05335250
  851    21.345846    -0.03240853     0.05068691
  852    21.370370    -0.03361886     0.04801381
  853    21.394895    -0.03476356     0.04533687
  854    21.419419    -0.03584259     0.04266956
  855    21.443944    -0.03685646     0.04005824
  856    21.468468    -0.03780741     0.03745190
  857    21.492993    -0.03869344     0.03477023
  858    21.517518    -0.03951285     0.03202444
  859    21.542042    -0.04026421     0.02922643
  860    21.566567    -0.04094638     0.02638891
  861    21.591091    -0.04155856     0.02352546
  862    21.615616    -0.04210028     0.02065062
  863    21.640140    -0.04257145     0.01777995
  864    21.664665    -0.04297237     0.01493016
  865    21.689189    -0.04330376     0.01211919
  866    21.713714    -0.04356681     0.00936629
  867    21.738238    -0.04376317     0.00669215
  868    21.762763    -0.04389505     0.00411899
  869    21.787287    -0.04396521     0.00165120
  870    21.811812    -0.04397604    -0.00079685
  871    21.836336    -0.04392612    -0.00325637
  872    21.860861    -0.04381632    -0.00567906
  873    21.885385    -0.04364757    -0.00806298
  874    21.909910    -0.04342084    -0.01040622
  875    21.934434    -0.04313715    -0.01270690
  876    21.958959    -0.04279758    -0.01486478
  877    21.983483    -0.04240805    -0.01692290
  878    22.008008    -0.04196753    -0.01908944
  879    22.032533    -0.04147173    -0.02140195
  880    22.057057    -0.04091778    -0.02380608
  881    22.081582    -0.04030407    -0.02625168
  882    22.106106    -0.03963016    -0.02869247
  883    22.130631    -0.03889673    -0.03108585
  884    22.155155    -0.03810543    -0.03339261
  885    22.179680    -0.03725885    -0.03557675
  886    22.204204    -0.03636042    -0.03760520
  887    22.228729    -0.03541435    -0.03944770
  888    22.253253    -0.03442555    -0.04107653
  889    22.277778    -0.03339959    -0.04246638
  890    22.302302    -0.03234262    -0.04359414
  891    22.326827    -0.03126134    -0.04463181
  892    22.351351    -0.03015347    -0.04574045
  893    22.375876    -0.02901781    -0.04684819
  894    22.400400    -0.02785561    -0.04790454
  895    22.424925    -0.02666814    -0.04890823
  896    22.449449    -0.02545671    -0.04985811
  897    22.473974    -0.02422265    -0.05078708
  898    22.498498    -0.02296565    -0.05168433
  899    22.523023    -0.02168758    -0.05248038
  900    22.547548    -0.02039154    -0.05315298
  901    22.572072    -0.01908048    -0.05370846
  902    22.596597    -0.01775719    -0.05415394
  903    22.621121    -0.01642428    -0.05449735
  904    22.645646    -0.01508414    -0.05474750
  905    22.670170    -0.01373896    -0.05491412
  906    22.694695    -0.01239066    -0.05500794
  907    22.719219    -0.01104088    -0.05504074
  908    22.743744    -0.00969096    -0.05502541
  909    22.768268    -0.00834193    -0.05497606
  910    22.792793    -0.00699444    -0.05490806
  911    22.817317    -0.00564874    -0.05483814
  912    22.841842    -0.00430468    -0.05471794
  913    22.866366    -0.00296488    -0.05449421
  914    22.890891    -0.00163179    -0.05418477
  915    22.915415    -0.00030717    -0.05380350
  916    22.939940     0.00100722    -0.05335006
  917    22.964464     0.00230960    -0.05282419
  918    22.988989     0.00359820    -0.05223082
  919    23.013514     0.00487147    -0.05158468
  920    23.038038     0.00612838    -0.05085870
  921    23.062563     0.00736604    -0.05002102
  922    23.087087     0.00858186    -0.04908108
  923    23.111612     0.00977342    -0.04804767
  924    23.136136     0.01093855    -0.04692896
  925    23.160661     0.01207524    -0.04573258
  926    23.185185     0.01318169    -0.04446566
  927    23.209710     0.01425624    -0.04313491
  928    23.234234     0.01529742    -0.04174661
  929    23.258759     0.01630387    -0.04030675
  930    23.283283     0.01727442    -0.03882100
  931    23.307808     0.01820801    -0.03729478
  932    23.332332     0.01910370    -0.03573333
  933    23.356857     0.01996069    -0.03413152
  934    23.381381     0.02077782    -0.03245081
  935    23.405906     0.02155237    -0.03068284
  936    23.430430     0.02228278    -0.02885120
  937    23.454955     0.02296750    -0.02695834
  938    23.479479     0.02360506    -0.02500690
  939    23.504004     0.02419406    -0.02299978
  940    23.528529     0.02473318    -0.02094013
  941    23.553053     0.02522116    -0.01883135
  942    23.577578     0.02565684    -0.01667706
  943    23.602102     0.02603915    -0.01448116
  944    23.626627     0.02636712    -0.01224778
  945    23.651151     0.02663989    -0.00998132
  946    23.675676     0.02685670    -0.00768638
  947    23.700200     0.02701690    -0.00536780
  948    23.724725     0.02711998    -0.00303066
  949    23.749249     0.02716555    -0.00068022
  950    23.773774     0.02715335     0.00167805
  951    23.798298     0.02708325     0.00403854
  952    23.822823     0.02695526     0.00639543
  953    23.847347     0.02676956     0.00874280
  954    23.871872     0.02652644     0.01107462
  955    23.896396     0.02622636     0.01338474
  956    23.920921     0.02586993     0.01566697
  957    23.945445     0.02545791     0.01791506
  958    23.969970     0.02499121     0.02012276
  959    23.994494     0.02447091     0.02228383
  960    24.019019     0.02389821     0.02439209
  961    24.043544     0.02327450     0.02639870
  962    24.068068     0.02260338     0.02832137
  963    24.092593     0.02188536     0.03024140
  964    24.117117     0.02112007     0.03216281
  965    24.141642     0.02030781     0.03405885
  966    24.166166     0.01944951     0.03590466
  967    24.190691     0.01854672     0.03767717
  968    24.215215     0.01760148     0.03935503
  969    24.239740     0.01661639     0.04091855
  970    24.264264     0.01559447     0.04234961
  971    24.288789     0.01453918     0.04363161
  972    24.313313     0.01345438     0.04474941
  973    24.337838     0.01234426     0.04568927
  974    24.362362     0.01121336     0.04643878
  975    24.386887     0.01006649     0.04698683
  976    24.411411     0.00890870     0.04740729
  977    24.435936     0.00774120     0.04776129
  978    24.460460     0.00656606     0.04801370
  979    24.484985     0.00538618     0.04814712
  980    24.509510     0.00420449     0.04816135
  981    24.534034     0.00302391     0.04805667
  982    24.558559     0.00184735     0.04783384
  983    24.583083     0.00067771     0.04749412
  984    24.607608    -0.00048219     0.04703923
  985    24.632132    -0.00162952     0.04647136
  986    24.656657    -0.00276156     0.04579315
  987    24.681181    -0.00387563     0.04500768
  988    24.705706    -0.00496915     0.04411843
  989    24.730230    -0.00603960     0.04312930
  990    24.754755    -0.00708460     0.04204455
  991    24.779279    -0.00810185     0.04086880
  992    24.803804    -0.00908917     0.03960697
  993    24.828328    -0.01004453     0.03827026
  994    24.852853    -0.01096629     0.03686774
  995    24.877377    -0.01185286     0.03539520
  996    24.901902    -0.01270239     0.03384797
  997    24.926426    -0.01351307     0.03222606
  998    24.950951    -0.01428305     0.03052945
  999    24.975475    -0.01501051     0.02875816
 1000    25.000000    -0.01569361     0.02785384
